23 0.1109375 0.0703125 0.221875 0.140625
23 0.353125 0.06640625 0.25859375 0.1328125
23 0.5953125 0.07265625 0.2203125 0.1375
23 0.88125 0.08125 0.2375 0.16171875
23 0.87734375 0.25703125 0.2453125 0.1953125
23 0.1203125 0.25 0.23828125 0.2
23 0.3640625 0.2484375 0.25 0.21640625
23 0.615625 0.24453125 0.25703125 0.20546875
23 0.846875 0.58125 0.28515625 0.2015625
23 0.86953125 0.79375 0.2609375 0.2203125
23 0.5921875 0.5578125 0.2125 0.18671875
23 0.6125 0.78046875 0.24609375 0.24765625
23 0.365625 0.57421875 0.23515625 0.2
23 0.359375 0.77890625 0.23671875 0.20703125
23 0.146875 0.5625 0.1984375 0.171875
23 0.12421875 0.765625 0.24296875 0.23046875
23 0.025 0.55546875 0.05 0.18828125