4 0.11640625 0.08046875 0.2328125 0.1609375
4 0.36640625 0.07578125 0.2796875 0.1515625
4 0.62421875 0.071875 0.2515625 0.1375
4 0.871875 0.06171875 0.25625 0.1234375
4 0.11875 0.4015625 0.23671875 0.25390625
4 0.37578125 0.39765625 0.265625 0.26171875
4 0.66171875 0.35859375 0.28984375 0.3125
4 0.89609375 0.35859375 0.2078125 0.328125
4 0.0796875 0.84453125 0.15078125 0.253125
4 0.265625 0.8375 0.18828125 0.27421875
4 0.509375 0.84140625 0.29609375 0.31640625
4 0.81328125 0.84140625 0.31875 0.31640625