8 0.10234375 0.3 0.153125 0.2546875
8 0.23984375 0.3046875 0.1265625 0.2671875
8 0.384375 0.271875 0.1734375 0.3171875
8 0.57109375 0.27578125 0.1703125 0.34453125
8 0.72578125 0.29140625 0.12734375 0.2890625
8 0.8671875 0.2875 0.14921875 0.30234375
8 0.9484375 0.81796875 0.103125 0.3296875
8 0.834375 0.79140625 0.0875 0.2890625
8 0.709375 0.76328125 0.13984375 0.32578125
8 0.559375 0.790625 0.1859375 0.3828125
8 0.38203125 0.79765625 0.18984375 0.4046875
8 0.2046875 0.7828125 0.16875 0.37578125
8 0.0609375 0.78359375 0.12109375 0.3796875