8 0.17890625 0.2484375 0.1890625 0.3609375
8 0.3484375 0.278125 0.14921875 0.29296875
8 0.5 0.29296875 0.15625 0.275
8 0.65234375 0.29921875 0.146875 0.2859375
8 0.83671875 0.2703125 0.20625 0.328125
8 0.96875 0.2671875 0.0625 0.3203125
8 0.03984375 0.31171875 0.07734375 0.2203125
8 0.140625 0.78046875 0.14296875 0.3296875
8 0.30625 0.79453125 0.175 0.39921875
8 0.4875 0.8015625 0.17578125 0.396875
8 0.6578125 0.784375 0.18671875 0.3921875
8 0.85078125 0.7984375 0.2 0.40234375
8 0.9765625 0.7984375 0.046875 0.346875