8 0.09765625 0.3171875 0.17890625 0.2015625
8 0.26484375 0.34453125 0.13046875 0.15
8 0.39765625 0.31875 0.14609375 0.19609375
8 0.553125 0.28046875 0.1734375 0.28359375
8 0.71796875 0.2859375 0.1671875 0.2671875
8 0.86328125 0.30703125 0.13046875 0.2328125
8 0.95390625 0.290625 0.0921875 0.2625
8 0.1171875 0.80859375 0.21875 0.3828125
8 0.296875 0.81015625 0.15859375 0.34609375
8 0.4609375 0.796875 0.16875 0.35
8 0.62265625 0.7921875 0.16171875 0.3375
8 0.81328125 0.796875 0.21328125 0.36328125
8 0.96484375 0.81171875 0.06953125 0.359375