8 0.04921875 0.3328125 0.0984375 0.234375
8 0.15703125 0.31171875 0.1109375 0.26171875
8 0.27734375 0.3125 0.11953125 0.26015625
8 0.42421875 0.278125 0.18515625 0.32578125
8 0.56484375 0.290625 0.10625 0.30625
8 0.66640625 0.32421875 0.096875 0.23125
8 0.83203125 0.23125 0.21875 0.403125
8 0.9703125 0.2515625 0.059375 0.346875
8 0.07578125 0.8171875 0.15078125 0.365625
8 0.22734375 0.82734375 0.13203125 0.3453125
8 0.36640625 0.8265625 0.14375 0.34609375
8 0.584375 0.80234375 0.19921875 0.3953125
8 0.79140625 0.85546875 0.18359375 0.2890625
8 0.93984375 0.85625 0.11953125 0.28671875