8 0.14296875 0.7640625 0.1671875 0.3484375
8 0.32265625 0.734375 0.08203125 0.28203125
8 0.41640625 0.8015625 0.15078125 0.38828125
8 0.56875 0.80546875 0.140625 0.3578125
8 0.7359375 0.7609375 0.19296875 0.46015625
8 0.9125 0.7625 0.175 0.46875
8 0.93671875 0.17265625 0.12578125 0.3453125
8 0.80625 0.17109375 0.1625 0.340625
8 0.665625 0.175 0.1421875 0.35
8 0.51953125 0.17109375 0.1359375 0.3421875
8 0.40390625 0.21015625 0.10703125 0.2625
8 0.25 0.1765625 0.2 0.33203125
8 0.07265625 0.16875 0.1453125 0.3375