8 0.1265625 0.14140625 0.2125 0.25546875
8 0.32578125 0.159375 0.21484375 0.20859375
8 0.52421875 0.15546875 0.2265625 0.221875
8 0.73203125 0.1375 0.21015625 0.20859375
8 0.9234375 0.109375 0.15234375 0.215625
8 0.1265625 0.528125 0.19609375 0.2234375
8 0.31640625 0.52734375 0.22890625 0.25390625
8 0.5296875 0.5125 0.24296875 0.25546875
8 0.75859375 0.50078125 0.22265625 0.26015625
8 0.9453125 0.49453125 0.109375 0.27265625
8 0.915625 0.8640625 0.16875 0.271875
8 0.7359375 0.87421875 0.259375 0.25078125
8 0.5078125 0.84765625 0.20625 0.21875
8 0.33125 0.80234375 0.14296875 0.16875
8 0.1734375 0.81171875 0.1671875 0.15625