8 0.0859375 0.31796875 0.12890625 0.2984375
8 0.2171875 0.3203125 0.12265625 0.2953125
8 0.34296875 0.33671875 0.10546875 0.30078125
8 0.48125 0.32578125 0.15 0.30078125
8 0.62578125 0.3515625 0.14296875 0.25078125
8 0.0921875 0.825 0.184375 0.34921875
8 0.75703125 0.375 0.12890625 0.225
8 0.28046875 0.815625 0.1953125 0.36796875
8 0.47578125 0.82421875 0.19609375 0.3515625
8 0.65390625 0.82578125 0.16171875 0.34765625
8 0.83125 0.82421875 0.178125 0.3515625
8 0.95703125 0.8109375 0.0859375 0.353125