23 0.0640625 0.10625 0.12734375 0.2125
23 0.0640625 0.33359375 0.12734375 0.23671875
23 0.31875 0.11640625 0.21328125 0.1921875
23 0.2765625 0.33515625 0.31484375 0.26953125
23 0.584375 0.1078125 0.31328125 0.21484375
23 0.5796875 0.34140625 0.29296875 0.24609375
23 0.86875 0.1078125 0.2625 0.215625
23 0.8625 0.346875 0.275 0.26015625
23 0.3625 0.69609375 0.25703125 0.1984375
23 0.63203125 0.69609375 0.26953125 0.21484375
23 0.8734375 0.88671875 0.253125 0.2265625
23 0.834375 0.73359375 0.14921875 0.0859375
23 0.60625 0.8984375 0.271875 0.203125
23 0.32890625 0.89375 0.2984375 0.2125
23 0.10625 0.85078125 0.2125 0.29375