8 0.17578125 0.07421875 0.3515625 0.1484375
8 0.51875 0.075 0.28203125 0.15
8 0.7703125 0.07109375 0.20390625 0.1421875
8 0.9421875 0.071875 0.115625 0.14375
8 0.2125 0.48203125 0.31015625 0.3140625
8 0.5046875 0.48671875 0.33125 0.3265625
8 0.725 0.4609375 0.21640625 0.26328125
8 0.896875 0.4609375 0.171875 0.2359375
8 0.18046875 0.86875 0.2671875 0.2625
8 0.43203125 0.86953125 0.2734375 0.2609375
8 0.64375 0.86484375 0.171875 0.2703125
8 0.765625 0.76171875 0.14296875 0.1484375
8 0.946875 0.88125 0.10625 0.2375