4 0.09296875 0.10546875 0.1859375 0.2109375
4 0.3125 0.103125 0.253125 0.20625
4 0.5703125 0.1046875 0.275 0.209375
4 0.8078125 0.10625 0.22265625 0.20703125
4 0.0671875 0.4296875 0.134375 0.296875
4 0.275 0.43359375 0.2671875 0.26640625
4 0.525 0.42421875 0.20390625 0.296875
4 0.7375 0.4265625 0.1921875 0.27421875
4 0.1390625 0.86015625 0.278125 0.2796875
4 0.36640625 0.83671875 0.16171875 0.3
4 0.52265625 0.8515625 0.15078125 0.296875
4 0.67578125 0.8421875 0.16328125 0.315625
4 0.82890625 0.84140625 0.171875 0.31640625
4 0.94609375 0.8375 0.1078125 0.32421875