4 0.13359375 0.2921875 0.225 0.36640625
4 0.34453125 0.27890625 0.240625 0.3703125
4 0.5296875 0.25390625 0.115625 0.39375
4 0.6421875 0.2375 0.1109375 0.434375
4 0.75703125 0.23359375 0.1296875 0.434375
4 0.8921875 0.2234375 0.121875 0.43046875
4 0.971875 0.23515625 0.05546875 0.434375
4 0.05078125 0.7765625 0.10078125 0.371875
4 0.16015625 0.78046875 0.17265625 0.32109375
4 0.3125 0.8125 0.18984375 0.3578125
4 0.4859375 0.809375 0.17734375 0.346875
4 0.67109375 0.796875 0.21640625 0.34453125
4 0.88046875 0.790625 0.2390625 0.37734375