23 0.1296875 0.1046875 0.25625 0.209375
23 0.4421875 0.1 0.365625 0.2
23 0.80703125 0.09765625 0.359375 0.19453125
23 0.18359375 0.5421875 0.3671875 0.175
23 0.565625 0.38515625 0.3390625 0.1578125
23 0.53203125 0.5234375 0.31640625 0.1578125
23 0.84375 0.50703125 0.30625 0.17734375
23 0.07890625 0.80078125 0.15703125 0.1546875
23 0.0921875 0.91953125 0.18359375 0.11484375
23 0.30859375 0.8859375 0.26171875 0.18203125
23 0.44453125 0.78203125 0.28828125 0.1453125
23 0.56640625 0.87890625 0.2796875 0.18671875
23 0.84609375 0.9015625 0.3078125 0.196875
23 0.83046875 0.7671875 0.27578125 0.10390625
23 0.22578125 0.42578125 0.26328125 0.0609375