6 0.1140625 0.36875 0.1796875 0.23125
6 0.2515625 0.40703125 0.096875 0.13359375
6 0.39453125 0.33125 0.18515625 0.28359375
6 0.56015625 0.3296875 0.16640625 0.2859375
6 0.72265625 0.32578125 0.20546875 0.2859375
6 0.88828125 0.325 0.22265625 0.2875
6 0.84375 0.0578125 0.2390625 0.115625
6 0.3828125 0.07578125 0.1796875 0.15078125
6 0.20078125 0.075 0.1953125 0.14921875
6 0.05078125 0.07734375 0.10078125 0.14140625
6 0.34453125 0.75078125 0.19921875 0.44765625
6 0.5234375 0.765625 0.1703125 0.40546875
6 0.175 0.846875 0.146875 0.25078125
6 0.05234375 0.828125 0.10390625 0.2859375
6 0.68125 0.7453125 0.2125 0.4046875
6 0.8609375 0.73671875 0.278125 0.41640625
6 0.67421875 0.05390625 0.10546875 0.1078125
6 0.5546875 0.078125 0.07578125 0.06640625