6 0.0609375 0.4453125 0.1203125 0.1984375
6 0.20703125 0.44609375 0.17265625 0.21953125
6 0.38984375 0.453125 0.18828125 0.2015625
6 0.8453125 0.43828125 0.265625 0.17421875
6 0.89375 0.75 0.2125 0.315625
6 0.740625 0.7546875 0.23828125 0.3078125
6 0.5859375 0.75703125 0.20390625 0.3265625
6 0.4046875 0.76015625 0.21015625 0.31484375
6 0.1 0.7953125 0.1734375 0.2890625
6 0.2328125 0.82890625 0.13671875 0.2015625
6 0.56015625 0.37578125 0.11328125 0.084375
6 0.5640625 0.48984375 0.115625 0.12265625
6 0.678125 0.471875 0.11875 0.16484375