6 0.25234375 0.1703125 0.246875 0.13203125
6 0.45859375 0.16328125 0.21875 0.13359375
6 0.6703125 0.15 0.278125 0.13203125
6 0.90234375 0.1359375 0.1953125 0.11171875
6 0.9203125 0.35546875 0.159375 0.2078125
6 0.75234375 0.4078125 0.21484375 0.10078125
6 0.57265625 0.3921875 0.22265625 0.15625
6 0.35546875 0.40625 0.21640625 0.14375
6 0.1640625 0.41171875 0.2515625 0.15
6 0.15859375 0.7359375 0.1984375 0.20390625
6 0.35 0.740625 0.165625 0.234375
6 0.52109375 0.73515625 0.2453125 0.21171875
6 0.7375 0.73828125 0.278125 0.20234375
6 0.91015625 0.68125 0.17890625 0.3296875