6 0.08671875 0.06015625 0.1734375 0.1203125
6 0.3015625 0.06484375 0.246875 0.12109375
6 0.86328125 0.084375 0.27265625 0.10078125
6 0.31328125 0.2734375 0.22265625 0.18828125
6 0.5078125 0.27734375 0.19375 0.19296875
6 0.6953125 0.265625 0.2390625 0.20078125
6 0.88515625 0.27265625 0.2265625 0.21484375
6 0.09296875 0.33046875 0.1859375 0.1390625
6 0.2453125 0.55625 0.2453125 0.26640625
6 0.06875 0.6140625 0.13671875 0.159375
6 0.43984375 0.55703125 0.20625 0.253125
6 0.62578125 0.559375 0.21015625 0.25703125
6 0.8421875 0.5609375 0.259375 0.26015625
6 0.05625 0.8921875 0.1125 0.215625
6 0.165625 0.9 0.15625 0.2
6 0.36796875 0.8953125 0.2 0.209375
6 0.528125 0.9046875 0.140625 0.18828125
6 0.6859375 0.89375 0.26953125 0.2125
6 0.88359375 0.89765625 0.2328125 0.2046875
6 0.58828125 0.06875 0.28203125 0.1375