6 0.18828125 0.071875 0.21640625 0.13203125
6 0.3859375 0.07421875 0.2 0.13046875
6 0.58828125 0.06484375 0.2328125 0.1296875
6 0.81328125 0.06015625 0.2515625 0.1203125
6 0.85859375 0.25078125 0.26328125 0.20703125
6 0.659375 0.3234375 0.16484375 0.146875
6 0.49765625 0.29140625 0.165625 0.17734375
6 0.128125 0.315625 0.1859375 0.153125
6 0.30390625 0.29609375 0.25 0.1484375
6 0.13359375 0.59453125 0.16953125 0.18984375
6 0.28515625 0.590625 0.153125 0.1640625
6 0.45234375 0.58359375 0.15703125 0.18671875
6 0.628125 0.58984375 0.18984375 0.1375
6 0.8578125 0.53203125 0.26953125 0.25546875
6 0.17734375 0.8859375 0.2328125 0.20078125
6 0.3890625 0.88125 0.20625 0.20390625
6 0.575 0.884375 0.1984375 0.18828125
6 0.73515625 0.8859375 0.1671875 0.228125
6 0.903125 0.8828125 0.19296875 0.21875