6 0.19296875 0.31796875 0.32890625 0.27734375
6 0.49765625 0.3390625 0.259375 0.33203125
6 0.68203125 0.33203125 0.18359375 0.34140625
6 0.87578125 0.328125 0.2484375 0.34296875
6 0.225 0.5921875 0.2984375 0.25859375
6 0.51796875 0.61796875 0.3125 0.25546875
6 0.796875 0.6109375 0.30234375 0.2390625
6 0.21484375 0.88125 0.171875 0.19453125
6 0.40546875 0.88359375 0.17734375 0.21171875
6 0.55625 0.88515625 0.17734375 0.20859375
6 0.70078125 0.89375 0.16328125 0.2125
6 0.86328125 0.88828125 0.26328125 0.2234375