6 0.10078125 0.06796875 0.2015625 0.1359375
6 0.06953125 0.328125 0.1390625 0.309375
6 0.0828125 0.6234375 0.165625 0.19296875
6 0.0359375 0.87734375 0.071875 0.20078125
6 0.2953125 0.06171875 0.18984375 0.11171875
6 0.4875 0.0578125 0.22265625 0.10546875
6 0.725 0.0484375 0.253125 0.096875
6 0.221875 0.32421875 0.26328125 0.28359375
6 0.48515625 0.33828125 0.22265625 0.3125
6 0.6671875 0.3140625 0.21875 0.35546875
6 0.790625 0.325 0.1671875 0.28828125
6 0.93359375 0.3125 0.1328125 0.284375
6 0.2515625 0.61015625 0.2203125 0.24375
6 0.51484375 0.6390625 0.2 0.30625
6 0.915625 0.6234375 0.16875 0.26953125
6 0.76484375 0.63828125 0.1734375 0.27421875
6 0.16015625 0.87734375 0.165625 0.21015625
6 0.34921875 0.89140625 0.2 0.21171875
6 0.5390625 0.8953125 0.23671875 0.209375
6 0.7 0.9 0.209375 0.2
6 0.85546875 0.90859375 0.15546875 0.1625