6 0.09375 0.29609375 0.171875 0.29375
6 0.09765625 0.590625 0.159375 0.2984375
6 0.25390625 0.33125 0.12734375 0.346875
6 0.45546875 0.34609375 0.11484375 0.3453125
6 0.271875 0.628125 0.17578125 0.25546875
6 0.43359375 0.621875 0.165625 0.24296875
6 0.58125 0.3203125 0.11484375 0.31875
6 0.70859375 0.34140625 0.1484375 0.31875
6 0.84453125 0.34296875 0.1453125 0.36796875
6 0.578125 0.62109375 0.13359375 0.25703125
6 0.95390625 0.6171875 0.09140625 0.1671875
6 0.07578125 0.89921875 0.10859375 0.2015625
6 0.2109375 0.89921875 0.12421875 0.2015625
6 0.28671875 0.90859375 0.09765625 0.1828125
6 0.384375 0.90625 0.0953125 0.18671875
6 0.46796875 0.90078125 0.1328125 0.1984375
6 0.59453125 0.90234375 0.13203125 0.1953125