6 0.071875 0.18125 0.1390625 0.19765625
6 0.22890625 0.19296875 0.1671875 0.175
6 0.38828125 0.196875 0.146875 0.1734375
6 0.5359375 0.203125 0.15703125 0.19140625
6 0.684375 0.209375 0.171875 0.18515625
6 0.8796875 0.21171875 0.23984375 0.19921875
6 0.19609375 0.4359375 0.24921875 0.1703125
6 0.453125 0.45703125 0.18359375 0.13046875
6 0.6421875 0.4515625 0.2515625 0.15625
6 0.24375 0.73984375 0.23515625 0.2421875
6 0.45546875 0.7515625 0.240625 0.20390625
6 0.75078125 0.7296875 0.3203125 0.18828125