18 0.11875 0.0484375 0.23671875 0.090625
18 0.37421875 0.0625 0.2515625 0.125
18 0.62734375 0.071875 0.253125 0.140625
18 0.8671875 0.07734375 0.25546875 0.1546875
6 0.25625 0.26796875 0.3 0.2390625
6 0.49921875 0.259375 0.2671875 0.215625
6 0.7609375 0.28203125 0.27578125 0.21171875
6 0.1296875 0.5640625 0.259375 0.25703125
6 0.39609375 0.55859375 0.42890625 0.29296875
6 0.69140625 0.53828125 0.31640625 0.3078125
6 0.15859375 0.86875 0.31640625 0.2515625
6 0.47109375 0.86953125 0.2703125 0.2609375
6 0.7109375 0.86484375 0.240625 0.2703125