23 0.08515625 0.22734375 0.14609375 0.2453125
23 0.22890625 0.22421875 0.14921875 0.23828125
23 0.3859375 0.20859375 0.15703125 0.296875
23 0.5515625 0.21953125 0.15546875 0.2640625
23 0.715625 0.2015625 0.16875 0.28359375
23 0.8765625 0.20546875 0.1703125 0.28046875
23 0.040625 0.63671875 0.08046875 0.2328125
23 0.0390625 0.87890625 0.078125 0.24140625
23 0.240625 0.63359375 0.3 0.23046875
23 0.23515625 0.87734375 0.3046875 0.2453125
23 0.52265625 0.6484375 0.25859375 0.1890625
23 0.553125 0.89296875 0.309375 0.2140625
23 0.83203125 0.55078125 0.3359375 0.17578125
23 0.8359375 0.721875 0.328125 0.1625
23 0.85546875 0.8953125 0.2890625 0.20859375