23 0.1109375 0.26171875 0.19453125 0.16328125
23 0.09921875 0.4078125 0.18046875 0.18203125
23 0.29375 0.2796875 0.20234375 0.16328125
23 0.4890625 0.271875 0.1703125 0.171875
23 0.4875 0.43984375 0.18046875 0.16171875
23 0.29765625 0.4453125 0.21875 0.15546875
23 0.68359375 0.2765625 0.225 0.17734375
23 0.68515625 0.4328125 0.228125 0.171875
23 0.89765625 0.43203125 0.18671875 0.165625
23 0.93828125 0.28046875 0.1234375 0.153125
23 0.0734375 0.6390625 0.146875 0.1140625
23 0.07421875 0.81796875 0.1484375 0.21015625
23 0.240625 0.65078125 0.18359375 0.12421875
23 0.23046875 0.80234375 0.18203125 0.15546875
23 0.41875 0.66875 0.1734375 0.153125
23 0.4140625 0.84375 0.19765625 0.20390625
23 0.6046875 0.68359375 0.20390625 0.1984375
23 0.6015625 0.86171875 0.21328125 0.1671875
23 0.8171875 0.6953125 0.23125 0.1453125
23 0.821875 0.86015625 0.215625 0.2
23 0.9625 0.690625 0.075 0.17578125
23 0.9640625 0.8734375 0.071875 0.16953125