6 0.29375 0.36875 0.26953125 0.3578125
6 0.53671875 0.35546875 0.18515625 0.4046875
6 0.734375 0.37578125 0.18515625 0.43671875
6 0.91328125 0.396875 0.17265625 0.41484375
6 0.09453125 0.5046875 0.18828125 0.2859375
6 0.08125 0.8765625 0.1625 0.24609375
6 0.25703125 0.8203125 0.2234375 0.35859375
6 0.41640625 0.821875 0.2453125 0.35625
6 0.62734375 0.80390625 0.246875 0.3734375
6 0.7875 0.809375 0.18046875 0.38125
6 0.91328125 0.83359375 0.14375 0.33203125
6 0.55546875 0.0734375 0.19453125 0.146875
6 0.759375 0.0765625 0.1734375 0.153125