18 0.075 0.10078125 0.15 0.1859375
18 0.2859375 0.0953125 0.246875 0.15703125
18 0.5625 0.07421875 0.284375 0.1484375
18 0.85546875 0.0703125 0.2890625 0.1328125
6 0.103125 0.3703125 0.20625 0.284375
6 0.32578125 0.353125 0.3046875 0.31875
6 0.5890625 0.3453125 0.2375 0.33515625
6 0.7578125 0.3359375 0.240625 0.2921875
6 0.096875 0.73828125 0.18984375 0.43515625
6 0.32890625 0.7703125 0.33515625 0.425
6 0.61328125 0.8859375 0.1734375 0.228125
6 0.78828125 0.871875 0.225 0.25625
6 0.93046875 0.34921875 0.1390625 0.25703125