6 0.12265625 0.0671875 0.16328125 0.12265625
6 0.31171875 0.07890625 0.1859375 0.1484375
6 0.49765625 0.08203125 0.20234375 0.1453125
6 0.7375 0.0828125 0.278125 0.165625
6 0.9234375 0.071875 0.15234375 0.14375
6 0.21328125 0.41015625 0.23515625 0.25390625
6 0.475 0.40234375 0.2921875 0.3203125
6 0.81328125 0.39453125 0.278125 0.3265625
6 0.0359375 0.68828125 0.071875 0.27734375
6 0.2125 0.70234375 0.28203125 0.225
6 0.553125 0.67578125 0.33515625 0.2296875
6 0.82265625 0.67734375 0.3546875 0.21484375