12 0.10859375 0.26640625 0.07265625 0.24921875
12 0.19765625 0.2515625 0.1109375 0.2734375
12 0.31875 0.203125 0.10390625 0.40546875
12 0.415625 0.20390625 0.0875 0.4078125
12 0.5046875 0.20234375 0.09921875 0.4046875
12 0.60078125 0.20546875 0.0921875 0.4109375
12 0.678125 0.22265625 0.05546875 0.39375
12 0.7796875 0.21328125 0.10625 0.4265625
12 0.93125 0.21484375 0.1 0.42890625
12 0.03671875 0.7921875 0.0734375 0.415625
12 0.12734375 0.7921875 0.11640625 0.4109375
12 0.3046875 0.82578125 0.090625 0.34765625
12 0.3984375 0.83046875 0.09375 0.3390625
12 0.49140625 0.8328125 0.0921875 0.334375
12 0.58515625 0.83125 0.0890625 0.33671875
12 0.703125 0.79140625 0.109375 0.4171875
12 0.8796875 0.79609375 0.115625 0.4078125