12 0.065625 0.34140625 0.13046875 0.35546875
12 0.18671875 0.34609375 0.1 0.34609375
12 0.30625 0.340625 0.13046875 0.34765625
12 0.4421875 0.3421875 0.1453125 0.34453125
12 0.5578125 0.35625 0.09765625 0.3109375
12 0.68828125 0.3515625 0.1265625 0.3296875
12 0.87421875 0.33984375 0.1265625 0.36171875
12 0.9703125 0.34296875 0.059375 0.3484375
12 0.05625 0.85625 0.1125 0.2875
12 0.16953125 0.8578125 0.1140625 0.284375
12 0.2984375 0.85546875 0.12265625 0.2890625
12 0.4296875 0.83984375 0.12890625 0.28515625
12 0.60078125 0.815625 0.146875 0.36875
12 0.8515625 0.81875 0.15546875 0.3625
12 0.6921875 0.78359375 0.13046875 0.3265625