24 0.0609375 0.24375 0.10234375 0.44375
24 0.18359375 0.25390625 0.08046875 0.4125
24 0.2609375 0.259375 0.07890625 0.41015625
24 0.325 0.2625 0.04921875 0.39765625
24 0.39140625 0.234375 0.0796875 0.465625
24 0.47578125 0.2359375 0.08359375 0.47109375
24 0.565625 0.23671875 0.096875 0.4734375
24 0.659375 0.234375 0.08671875 0.465625
24 0.75390625 0.2375 0.09609375 0.46953125
24 0.84921875 0.2359375 0.0953125 0.46328125
24 0.921875 0.25 0.05 0.43203125
24 0.9734375 0.2484375 0.053125 0.4265625
24 0.30859375 0.77421875 0.27265625 0.4515625
24 0.084375 0.76796875 0.16875 0.46328125
24 0.58671875 0.77109375 0.2859375 0.4578125
24 0.86640625 0.77109375 0.2671875 0.4578125