24 0.0421875 0.57890625 0.08359375 0.43828125
24 0.12890625 0.55859375 0.1109375 0.39453125
24 0.2265625 0.61875 0.10390625 0.5078125
24 0.31953125 0.6171875 0.1 0.51328125
24 0.4328125 0.615625 0.0859375 0.44921875
24 0.53203125 0.62734375 0.0921875 0.41640625
24 0.59765625 0.628125 0.059375 0.390625
24 0.66875 0.62734375 0.08203125 0.4140625
24 0.80234375 0.6375 0.10234375 0.4796875
24 0.90078125 0.64296875 0.10234375 0.484375
24 0.74375 0.6328125 0.0625 0.4234375
24 0.7484375 0.115625 0.11015625 0.22578125
24 0.8625 0.1140625 0.10625 0.228125
24 0.93046875 0.1140625 0.065625 0.22734375
24 0.615625 0.1140625 0.0875 0.228125
24 0.471875 0.11171875 0.09375 0.2234375
24 0.34765625 0.1109375 0.0828125 0.221875
24 0.07578125 0.1078125 0.09765625 0.21484375
24 0.1796875 0.10859375 0.109375 0.2171875