24 0.05234375 0.11015625 0.10390625 0.2203125
24 0.18359375 0.10703125 0.10234375 0.20234375
24 0.290625 0.09765625 0.103125 0.1953125
24 0.3765625 0.096875 0.059375 0.19296875
24 0.43203125 0.09140625 0.07578125 0.18203125
24 0.52265625 0.0875 0.10625 0.171875
24 0.62578125 0.08046875 0.10859375 0.1609375
24 0.7234375 0.07734375 0.0859375 0.15234375
24 0.8171875 0.0734375 0.09296875 0.146875
24 0.90546875 0.0703125 0.09765625 0.140625
24 0.0984375 0.43203125 0.196875 0.3046875
24 0.3421875 0.421875 0.35 0.30234375
24 0.66484375 0.39296875 0.31015625 0.29296875
24 0.91796875 0.37265625 0.1640625 0.3203125
24 0.11484375 0.7859375 0.2296875 0.365625
24 0.38828125 0.74375 0.278125 0.2734375
24 0.68984375 0.81171875 0.37421875 0.37578125
24 0.9140625 0.78125 0.171875 0.378125