23 0.2125 0.27265625 0.278125 0.0890625
23 0.4921875 0.12734375 0.265625 0.11953125
23 0.48828125 0.24296875 0.28203125 0.11796875
23 0.771875 0.23828125 0.2859375 0.11796875
23 0.93515625 0.1140625 0.1296875 0.12421875
23 0.29375 0.47265625 0.240625 0.11171875
23 0.0921875 0.5765625 0.18359375 0.11796875
23 0.296875 0.575 0.23515625 0.10859375
23 0.5296875 0.4703125 0.24296875 0.11328125
23 0.78125 0.46484375 0.246875 0.11171875
23 0.771875 0.5796875 0.24921875 0.11484375
23 0.73125 0.9125 0.2859375 0.17421875
23 0.93828125 0.928125 0.1234375 0.14375
23 0.9125 0.78828125 0.175 0.1640625
23 0.7015625 0.775 0.24296875 0.09765625
23 0.471875 0.85546875 0.24921875 0.13359375
23 0.1828125 0.89375 0.29609375 0.1578125
23 0.215625 0.76171875 0.2515625 0.084375
23 0.459375 0.75390625 0.2203125 0.0703125
23 0.56953125 0.60390625 0.26953125 0.12578125