24 0.0890625 0.37890625 0.1125 0.3171875
24 0.21484375 0.37265625 0.1265625 0.3203125
24 0.3328125 0.3734375 0.1140625 0.315625
24 0.45859375 0.36796875 0.140625 0.3125
24 0.590625 0.409375 0.11015625 0.2328125
24 0.70234375 0.3546875 0.13515625 0.3171875
24 0.83515625 0.3546875 0.14296875 0.3203125
24 0.9421875 0.3484375 0.115625 0.3296875
24 0.0421875 0.784375 0.08359375 0.33671875
24 0.1390625 0.78515625 0.10234375 0.34453125
24 0.253125 0.78515625 0.11015625 0.35078125
24 0.3953125 0.7640625 0.1125 0.325
24 0.50234375 0.765625 0.09765625 0.325
24 0.62109375 0.7796875 0.13046875 0.36171875
24 0.8265625 0.79296875 0.16171875 0.41328125
24 0.71875 0.77578125 0.08984375 0.36328125
24 0.959375 0.78359375 0.08125 0.36953125