24 0.221875 0.70703125 0.30703125 0.528125
24 0.534375 0.7328125 0.30859375 0.534375
24 0.84765625 0.75078125 0.3046875 0.4984375
24 0.04765625 0.17734375 0.0953125 0.3484375
24 0.13671875 0.184375 0.08046875 0.3609375
24 0.22421875 0.18125 0.09296875 0.36171875
24 0.3484375 0.1859375 0.10546875 0.36875
24 0.425 0.1890625 0.05 0.378125
24 0.49609375 0.18984375 0.08984375 0.37421875
24 0.584375 0.19140625 0.08671875 0.38203125
24 0.69296875 0.196875 0.121875 0.38828125
24 0.7921875 0.20234375 0.1234375 0.4015625
24 0.965625 0.225 0.06875 0.36796875