24 0.05859375 0.20390625 0.06640625 0.29921875
24 0.109375 0.2015625 0.03671875 0.2890625
24 0.1609375 0.1875 0.0640625 0.33125
24 0.23125 0.1765625 0.078125 0.353125
24 0.30625 0.18984375 0.06640625 0.34140625
24 0.371875 0.19296875 0.0640625 0.34453125
24 0.4359375 0.18671875 0.0609375 0.340625
24 0.50546875 0.17890625 0.07109375 0.3578125
24 0.5875 0.18125 0.07890625 0.359375
24 0.65703125 0.18515625 0.0640625 0.34609375
24 0.82890625 0.20546875 0.065625 0.296875
19 0.96875 0.18125 0.0625 0.35
19 0.921875 0.20625 0.04609375 0.30078125
19 0.88984375 0.22578125 0.03359375 0.26171875
24 0.14296875 0.634375 0.22890625 0.4
24 0.38125 0.65 0.2921875 0.43984375
24 0.6625 0.6734375 0.2625 0.43671875
24 0.88359375 0.66484375 0.2328125 0.4265625