24 0.078125 0.21171875 0.1171875 0.4234375
24 0.22890625 0.2203125 0.10234375 0.403125
24 0.31875 0.2125 0.103125 0.425
24 0.4296875 0.21484375 0.12265625 0.42734375
24 0.540625 0.26640625 0.0875 0.3171875
24 0.640625 0.2671875 0.0875 0.31875
24 0.734375 0.21484375 0.1203125 0.42890625
24 0.86328125 0.225 0.11953125 0.40703125
24 0.94765625 0.22421875 0.09765625 0.39921875
24 0.08125 0.77421875 0.14765625 0.4515625
24 0.246875 0.7828125 0.10625 0.434375
24 0.359375 0.78203125 0.11875 0.4359375
24 0.4734375 0.78203125 0.10625 0.4359375
24 0.58203125 0.7828125 0.1140625 0.434375
24 0.67109375 0.790625 0.08984375 0.41875
24 0.78671875 0.79921875 0.11328125 0.40078125
24 0.90703125 0.79609375 0.11875 0.39609375
24 0.978125 0.8 0.04375 0.39921875