19 0.08125 0.12265625 0.12734375 0.2453125
19 0.2 0.12265625 0.1171875 0.2453125
19 0.31484375 0.12890625 0.1125 0.25703125
19 0.42734375 0.128125 0.109375 0.25546875
19 0.53125 0.1296875 0.10625 0.25859375
19 0.65390625 0.1328125 0.12578125 0.265625
19 0.75703125 0.13359375 0.09296875 0.2671875
19 0.859375 0.13359375 0.12578125 0.2671875
19 0.9640625 0.13359375 0.071875 0.2640625
19 0.9421875 0.72265625 0.115625 0.5546875
19 0.80703125 0.7265625 0.12890625 0.51640625
19 0.6984375 0.72265625 0.12265625 0.5390625
19 0.5703125 0.7140625 0.1375 0.57109375
19 0.43828125 0.71796875 0.1234375 0.521875
19 0.3453125 0.7078125 0.090625 0.46875
19 0.20390625 0.70625 0.11640625 0.5296875
19 0.2703125 0.7015625 0.0703125 0.46015625
19 0.075 0.7109375 0.15 0.5390625