19 0.040625 0.19921875 0.08125 0.3390625
19 0.15703125 0.22421875 0.146875 0.3015625
19 0.30546875 0.2328125 0.140625 0.29375
19 0.43828125 0.20546875 0.16171875 0.35234375
19 0.5921875 0.24296875 0.146875 0.28046875
19 0.73203125 0.25 0.1453125 0.27265625
19 0.9 0.2234375 0.165625 0.33359375
19 0.065625 0.6953125 0.13046875 0.35546875
19 0.13046875 0.71015625 0.14296875 0.396875
19 0.27890625 0.7328125 0.165625 0.4578125
19 0.48828125 0.72421875 0.16328125 0.41328125
19 0.64921875 0.72265625 0.146875 0.3984375
19 0.81875 0.740625 0.1921875 0.44921875
19 0.94296875 0.74453125 0.11328125 0.45625