19 0.06328125 0.36640625 0.11015625 0.2484375
19 0.1703125 0.3578125 0.0875 0.246875
19 0.26875 0.3375 0.12421875 0.28046875
19 0.39296875 0.3359375 0.1328125 0.28671875
19 0.5578125 0.37109375 0.13046875 0.21015625
19 0.690625 0.32265625 0.1390625 0.3078125
19 0.8203125 0.31796875 0.140625 0.3015625
19 0.9328125 0.31640625 0.134375 0.3109375
19 0.1484375 0.77890625 0.13046875 0.39140625
19 0.05546875 0.775 0.1078125 0.36953125
19 0.28984375 0.78203125 0.1609375 0.39921875
19 0.44296875 0.77734375 0.140625 0.39296875
19 0.5875 0.76171875 0.1453125 0.41328125
19 0.734375 0.75546875 0.16171875 0.4125
19 0.8625 0.759375 0.17265625 0.42578125