23 0.134375 0.05859375 0.26875 0.1171875
23 0.1171875 0.14140625 0.234375 0.0484375
23 0.39921875 0.0875 0.34140625 0.175
23 0.7578125 0.14140625 0.3515625 0.096875
23 0.740625 0.4 0.28828125 0.12890625
23 0.740625 0.5171875 0.2796875 0.11796875
23 0.45859375 0.509375 0.28359375 0.1390625
23 0.14921875 0.51640625 0.2984375 0.165625
23 0.09609375 0.8671875 0.1921875 0.19609375
23 0.346875 0.88984375 0.32265625 0.159375
23 0.68125 0.878125 0.3203125 0.18671875
23 0.3828125 0.75859375 0.3578125 0.15625
23 0.67109375 0.72890625 0.22265625 0.10078125
23 0.90703125 0.8296875 0.1859375 0.125