12 0.20078125 0.709375 0.1375 0.58046875
12 0.0375 0.7015625 0.07421875 0.40703125
12 0.33359375 0.71171875 0.12734375 0.5765625
12 0.465625 0.709375 0.13671875 0.58046875
12 0.55625 0.70859375 0.0609375 0.38515625
12 0.625 0.70703125 0.0921875 0.39375
12 0.72734375 0.709375 0.1203125 0.421875
12 0.85390625 0.7046875 0.121875 0.37421875
12 0.959375 0.71171875 0.08125 0.5109375
12 0.0859375 0.1484375 0.1390625 0.296875
12 0.21171875 0.14921875 0.10703125 0.2984375
12 0.31328125 0.15234375 0.09296875 0.3046875
12 0.396875 0.15390625 0.0796875 0.3078125
12 0.490625 0.15546875 0.10703125 0.3078125
12 0.56640625 0.2515625 0.05703125 0.11953125
12 0.628125 0.2546875 0.06328125 0.1171875
12 0.70703125 0.2359375 0.0859375 0.15078125
12 0.78125 0.240625 0.0859375 0.159375
12 0.91484375 0.16015625 0.16328125 0.3203125