12 0.140625 0.21953125 0.090625 0.3359375
12 0.08203125 0.69140625 0.11015625 0.41640625
12 0.240625 0.709375 0.103125 0.446875
12 0.34609375 0.20078125 0.10625 0.4015625
12 0.33828125 0.73359375 0.1109375 0.48359375
12 0.44296875 0.73359375 0.10390625 0.4765625
12 0.57890625 0.7890625 0.12890625 0.38828125
12 0.6671875 0.76484375 0.10703125 0.35546875
12 0.7625 0.7234375 0.11875 0.28984375
12 0.8953125 0.75859375 0.1375 0.33203125
12 0.96796875 0.72421875 0.06328125 0.28359375
12 0.45625 0.20234375 0.11328125 0.4015625
12 0.56953125 0.20703125 0.10859375 0.4140625
12 0.68046875 0.259375 0.071875 0.328125
12 0.77890625 0.24453125 0.10234375 0.346875
12 0.8859375 0.26484375 0.0953125 0.309375