12 0.09609375 0.7734375 0.08359375 0.31328125
12 0.2 0.79453125 0.08671875 0.3390625
12 0.25234375 0.8140625 0.07734375 0.36796875
12 0.33203125 0.809375 0.08671875 0.35546875
12 0.44296875 0.84921875 0.10390625 0.3015625
12 0.51640625 0.83359375 0.09375 0.278125
12 0.54453125 0.81015625 0.090625 0.25625
12 0.63203125 0.796875 0.07734375 0.234375
12 0.71484375 0.82421875 0.10234375 0.26796875
12 0.8046875 0.79765625 0.1 0.23984375
12 0.90859375 0.81796875 0.1140625 0.26171875
12 0.15234375 0.42890625 0.07265625 0.2671875
12 0.24765625 0.39921875 0.0765625 0.34609375
12 0.325 0.39296875 0.0875 0.34140625
12 0.4078125 0.390625 0.0921875 0.35390625
12 0.49296875 0.434375 0.0625 0.26953125
12 0.55625 0.43203125 0.065625 0.2671875
12 0.62578125 0.42578125 0.071875 0.29296875
12 0.67421875 0.4375 0.05234375 0.2546875
12 0.72265625 0.428125 0.04296875 0.27109375
12 0.78671875 0.39375 0.0890625 0.340625
12 0.8796875 0.39453125 0.0953125 0.34296875
12 0.021875 0.08203125 0.04375 0.1609375
12 0.08359375 0.0734375 0.08046875 0.146875
12 0.1671875 0.0703125 0.09375 0.140625
12 0.25078125 0.0703125 0.0640625 0.140625
12 0.315625 0.07265625 0.06328125 0.14296875
12 0.36875 0.071875 0.0375 0.14375
12 0.4265625 0.06953125 0.07890625 0.1390625
12 0.53046875 0.0921875 0.05625 0.096875
12 0.584375 0.0875 0.05 0.0875
12 0.63984375 0.07265625 0.06015625 0.11875
12 0.73046875 0.0640625 0.08359375 0.128125
12 0.815625 0.06640625 0.08671875 0.1296875
12 0.89765625 0.0609375 0.0796875 0.121875