12 0.1375 0.08828125 0.14921875 0.1671875
12 0.2703125 0.0875 0.10859375 0.175
12 0.38125 0.0875 0.11640625 0.175
12 0.49140625 0.0875 0.09609375 0.175
12 0.6015625 0.0875 0.1328125 0.175
12 0.0921875 0.44921875 0.1265625 0.2375
12 0.30234375 0.42421875 0.13515625 0.34296875
12 0.434375 0.42578125 0.12421875 0.34609375
12 0.5828125 0.41875 0.1328125 0.34765625
12 0.6859375 0.453125 0.06953125 0.2453125
12 0.7640625 0.45 0.10234375 0.2390625
12 0.8921875 0.44296875 0.1265625 0.27265625
12 0.19296875 0.8046875 0.1328125 0.3171875
12 0.034375 0.790625 0.06875 0.2875
12 0.3015625 0.8234375 0.14375 0.353125
12 0.44140625 0.825 0.1390625 0.35
12 0.62734375 0.85390625 0.1921875 0.2921875
12 0.7390625 0.83515625 0.171875 0.27578125
12 0.89765625 0.7875 0.13671875 0.2265625
12 0.69921875 0.13359375 0.071875 0.0703125
12 0.77578125 0.13359375 0.08203125 0.0765625
12 0.87421875 0.12109375 0.09765625 0.09765625
12 0.959375 0.1140625 0.08125 0.10546875