16 0.07109375 0.31484375 0.1421875 0.2984375
16 0.221875 0.32109375 0.1859375 0.296875
16 0.396875 0.33125 0.1703125 0.30234375
16 0.56640625 0.334375 0.17578125 0.2984375
16 0.73671875 0.334375 0.18671875 0.30078125
16 0.8890625 0.3578125 0.175 0.26796875
16 0.071875 0.840625 0.14375 0.31875
16 0.2125 0.84296875 0.1734375 0.3140625
16 0.3796875 0.8390625 0.18984375 0.321875
16 0.56640625 0.83671875 0.19609375 0.32578125
16 0.74296875 0.83984375 0.19921875 0.3203125
16 0.89375 0.85859375 0.153125 0.28203125