16 0.5125 0.2796875 0.20625 0.4015625
16 0.72734375 0.28359375 0.2171875 0.39453125
16 0.915625 0.28671875 0.16875 0.390625
16 0.91171875 0.78828125 0.17578125 0.37890625
16 0.7359375 0.79296875 0.1984375 0.39375
16 0.54140625 0.7921875 0.18984375 0.39375
16 0.33984375 0.7875 0.1921875 0.38828125
16 0.1328125 0.7828125 0.2203125 0.3890625
16 0.3015625 0.425 0.2296875 0.12265625
16 0.29375 0.3015625 0.2265625 0.1265625
16 0.28125 0.1765625 0.23203125 0.13515625
16 0.08359375 0.17578125 0.16640625 0.128125
16 0.08828125 0.3015625 0.175 0.1375
16 0.09609375 0.425 0.19140625 0.12265625