16 0.0796875 0.15703125 0.159375 0.3140625
16 0.24375 0.1640625 0.209375 0.3203125
16 0.44921875 0.16640625 0.20390625 0.31328125
16 0.64375 0.16484375 0.20234375 0.315625
16 0.853125 0.15859375 0.23046875 0.3171875
16 0.05625 0.7890625 0.1125 0.37890625
16 0.20546875 0.79296875 0.253125 0.4125
16 0.4359375 0.79453125 0.228125 0.41015625
16 0.6640625 0.79921875 0.23046875 0.40078125
16 0.8671875 0.7859375 0.265625 0.428125
16 0.85078125 0.509375 0.2984375 0.11953125
16 0.96640625 0.16015625 0.0640625 0.3203125