16 0.10625 0.13984375 0.2125 0.21328125
16 0.3296875 0.13828125 0.2265625 0.21328125
16 0.559375 0.13203125 0.2453125 0.21171875
16 0.81171875 0.11953125 0.271875 0.2390625
16 0.959375 0.11484375 0.08125 0.2296875
16 0.09921875 0.54921875 0.1859375 0.26484375
16 0.315625 0.5484375 0.259375 0.25390625
16 0.57109375 0.5515625 0.2515625 0.25390625
16 0.83515625 0.53671875 0.2859375 0.26796875
16 0.796875 0.3625 0.278125 0.075
16 0.17578125 0.8796875 0.26953125 0.23984375
16 0.45234375 0.87890625 0.27578125 0.24140625
16 0.7140625 0.8796875 0.28359375 0.23984375
16 0.9171875 0.87890625 0.165625 0.2390625