16 0.10234375 0.0953125 0.20390625 0.18984375
16 0.3296875 0.09765625 0.25546875 0.19453125
16 0.57890625 0.0921875 0.2515625 0.18359375
16 0.83046875 0.0921875 0.2671875 0.18359375
16 0.09765625 0.5109375 0.1953125 0.25
16 0.3328125 0.4984375 0.26171875 0.27734375
16 0.5890625 0.49296875 0.2671875 0.27265625
16 0.853125 0.496875 0.29296875 0.28046875
16 0.32578125 0.32578125 0.2515625 0.08125
16 0.584375 0.3203125 0.253125 0.0765625
16 0.2015625 0.86015625 0.25546875 0.2796875
16 0.471875 0.8578125 0.26953125 0.284375
16 0.72109375 0.85 0.2453125 0.28203125
16 0.921875 0.859375 0.15625 0.28125