16 0.05625 0.11875 0.1125 0.234375
16 0.2328125 0.11484375 0.23671875 0.2296875
16 0.471875 0.1109375 0.2453125 0.221875
16 0.72421875 0.1109375 0.259375 0.221875
16 0.91875 0.1078125 0.1625 0.215625
16 0.0625 0.525 0.12421875 0.240625
16 0.23828125 0.52109375 0.23046875 0.25390625
16 0.4765625 0.51484375 0.246875 0.25390625
16 0.7203125 0.515625 0.2515625 0.25546875
16 0.915625 0.52265625 0.16875 0.2328125
16 0.10078125 0.8671875 0.2015625 0.265625
16 0.334375 0.86796875 0.25625 0.2640625
16 0.56796875 0.8640625 0.2359375 0.271875
16 0.83828125 0.8171875 0.31640625 0.1609375
16 0.846875 0.94375 0.30546875 0.0953125