16 0.12578125 0.16796875 0.2515625 0.246875
16 0.37265625 0.18125 0.23046875 0.20078125
16 0.6140625 0.14765625 0.2515625 0.25859375
16 0.86953125 0.134375 0.2609375 0.26796875
16 0.08046875 0.53828125 0.1609375 0.2484375
16 0.2125 0.465625 0.28203125 0.0921875
16 0.228125 0.55 0.28359375 0.09765625
16 0.23828125 0.63515625 0.2796875 0.084375
16 0.5125 0.62421875 0.28203125 0.078125
16 0.49921875 0.53984375 0.2796875 0.084375
16 0.48828125 0.45625 0.26953125 0.0859375
16 0.75546875 0.50546875 0.278125 0.26953125
16 0.93828125 0.50546875 0.1234375 0.27265625
16 0.0703125 0.86875 0.140625 0.2421875
16 0.29609375 0.86328125 0.2671875 0.2734375
16 0.553125 0.8640625 0.278125 0.271875
16 0.8171875 0.8609375 0.2734375 0.278125