16 0.0765625 0.1234375 0.153125 0.246875
16 0.28203125 0.1203125 0.265625 0.240625
16 0.5484375 0.1203125 0.2671875 0.240625
16 0.8171875 0.11953125 0.26171875 0.2390625
16 0.16328125 0.48828125 0.2734375 0.28046875
16 0.42578125 0.48828125 0.271875 0.28203125
16 0.68125 0.484375 0.25546875 0.27265625
16 0.90390625 0.48359375 0.1921875 0.2765625
16 0.2125 0.8515625 0.2453125 0.296875
16 0.465625 0.85 0.253125 0.3
16 0.71875 0.83984375 0.25703125 0.28671875
16 0.92578125 0.8390625 0.1484375 0.28671875