9 0.20625 0.62578125 0.12109375 0.290625
9 0.2984375 0.63125 0.11484375 0.275
9 0.42578125 0.63515625 0.11328125 0.27734375
9 0.5390625 0.6375 0.115625 0.25859375
9 0.6828125 0.60390625 0.1703125 0.36640625
9 0.8328125 0.6 0.1375 0.37734375
9 0.95234375 0.60234375 0.0953125 0.3671875
9 0.23125 0.36796875 0.10703125 0.234375
9 0.33203125 0.378125 0.09375 0.2109375
9 0.425 0.3875 0.0890625 0.2109375
9 0.51796875 0.38359375 0.0921875 0.221875
9 0.6671875 0.35625 0.18984375 0.1265625
9 0.81015625 0.23984375 0.2234375 0.125
9 0.84453125 0.3578125 0.15546875 0.11875