9 0.44921875 0.14140625 0.1296875 0.2828125
9 0.584375 0.16640625 0.15078125 0.3296875
9 0.72578125 0.165625 0.171875 0.33125
9 0.85703125 0.16875 0.1734375 0.32421875
13 0.0984375 0.12109375 0.1625 0.2421875
13 0.228125 0.10546875 0.1296875 0.2109375
13 0.33046875 0.10078125 0.09296875 0.2015625
13 0.1640625 0.80390625 0.16875 0.2953125
13 0.375 0.88203125 0.20234375 0.2359375
13 0.4875 0.7859375 0.11015625 0.2859375
13 0.59609375 0.809375 0.1203125 0.2984375
13 0.76953125 0.80390625 0.12578125 0.3359375
13 0.859375 0.8078125 0.15859375 0.33125