9 0.04375 0.23671875 0.0875 0.19296875
9 0.12578125 0.2234375 0.10078125 0.18828125
9 0.20703125 0.221875 0.0875 0.1828125
9 0.2734375 0.24921875 0.09375 0.2015625
9 0.35390625 0.27578125 0.13359375 0.18125
9 0.49296875 0.20390625 0.13515625 0.1265625
9 0.49453125 0.315625 0.13359375 0.09296875
9 0.625 0.20390625 0.13671875 0.13203125
9 0.62578125 0.31015625 0.1296875 0.0875
9 0.7625 0.26796875 0.14609375 0.16328125
9 0.93203125 0.23046875 0.11328125 0.1828125
9 0.8953125 0.47734375 0.13359375 0.19765625
9 0.965625 0.475 0.06875 0.19609375
9 0.08203125 0.490625 0.12421875 0.2140625
9 0.178125 0.48828125 0.1109375 0.20546875
9 0.271875 0.49375 0.10390625 0.2109375
9 0.378125 0.48984375 0.11875 0.24375
9 0.50078125 0.48984375 0.11875 0.24921875
9 0.61953125 0.4859375 0.12421875 0.2671875
9 0.7359375 0.46484375 0.12578125 0.25703125
13 0.34453125 0.88984375 0.0890625 0.21953125
13 0.4265625 0.8875 0.0890625 0.225
13 0.11953125 0.89453125 0.1140625 0.21015625
13 0.03203125 0.94609375 0.0640625 0.1078125
13 0.19296875 0.90234375 0.0921875 0.1953125
13 0.81328125 0.85390625 0.10078125 0.28046875
13 0.878125 0.89609375 0.10078125 0.2078125
13 0.93203125 0.87578125 0.1359375 0.1921875
13 0.728125 0.78046875 0.08984375 0.14453125