13 0.0828125 0.34765625 0.15078125 0.36875
13 0.23515625 0.3453125 0.146875 0.36640625
13 0.37578125 0.35234375 0.146875 0.36484375
13 0.52265625 0.35390625 0.1453125 0.359375
13 0.66484375 0.35859375 0.1390625 0.35546875
13 0.8046875 0.3609375 0.140625 0.3515625
13 0.91015625 0.384375 0.08359375 0.31015625
13 0.33125 0.82109375 0.14375 0.35703125
13 0.47109375 0.82109375 0.13984375 0.35703125
13 0.1796875 0.82109375 0.15546875 0.35703125
13 0.615625 0.8203125 0.14296875 0.35859375
13 0.75625 0.81953125 0.14375 0.3609375
13 0.89921875 0.81875 0.1421875 0.3625
13 0.10703125 0.1140625 0.1484375 0.10859375
13 0.26328125 0.11484375 0.14375 0.09921875
13 0.403125 0.11953125 0.1421875 0.103125
13 0.54921875 0.12578125 0.13671875 0.11015625
13 0.6859375 0.13203125 0.13984375 0.09765625
13 0.821875 0.15078125 0.1328125 0.0953125
13 0.81796875 0.05 0.1640625 0.1
13 0.55546875 0.03984375 0.1390625 0.07890625