13 0.04921875 0.171875 0.09765625 0.34296875
13 0.1484375 0.1734375 0.140625 0.346875
13 0.26640625 0.07734375 0.1203125 0.1546875
13 0.2421875 0.24609375 0.09609375 0.1828125
13 0.36484375 0.08203125 0.08203125 0.14296875
13 0.340625 0.24921875 0.096875 0.18515625
13 0.43671875 0.24921875 0.09921875 0.18828125
13 0.45390625 0.0765625 0.0953125 0.15234375
13 0.54296875 0.08671875 0.0875 0.14296875
13 0.5390625 0.25234375 0.09921875 0.18359375
13 0.634375 0.09140625 0.0921875 0.15234375
13 0.6484375 0.25703125 0.09765625 0.18359375
13 0.7375 0.2703125 0.0953125 0.1484375
13 0.72734375 0.10390625 0.0953125 0.18359375
13 0.82265625 0.09921875 0.09921875 0.1828125
13 0.83203125 0.2671875 0.10859375 0.15546875
13 0.91328125 0.0953125 0.1125 0.18515625
13 0.93828125 0.2671875 0.11640625 0.15546875
13 0.67109375 0.83984375 0.1515625 0.3203125
13 0.78125 0.84375 0.10078125 0.3125
13 0.89296875 0.84609375 0.1359375 0.3078125
13 0.953125 0.64609375 0.09296875 0.1078125
13 0.97265625 0.84765625 0.05390625 0.3046875
13 0.090625 0.83984375 0.1625 0.3203125
13 0.20859375 0.83984375 0.0609375 0.30234375
13 0.2875 0.84453125 0.12578125 0.3109375
13 0.40703125 0.84453125 0.13984375 0.3109375
13 0.53984375 0.846875 0.10703125 0.30546875
13 0.3046875 0.625 0.1375 0.13046875
13 0.18359375 0.54375 0.09765625 0.11875
13 0.17734375 0.65 0.09296875 0.09921875
13 0.2890625 0.5265625 0.0875 0.09140625
13 0.10234375 0.53984375 0.0828125 0.1078125
13 0.434375 0.54609375 0.0921875 0.10078125
13 0.4359375 0.6484375 0.08984375 0.103125
13 0.528125 0.5484375 0.090625 0.115625
13 0.525 0.65390625 0.0875 0.09921875
13 0.625 0.6453125 0.10234375 0.08203125
13 0.74140625 0.64609375 0.10625 0.0828125
13 0.85546875 0.6546875 0.1203125 0.07890625