13 0.10703125 0.3234375 0.153125 0.296875
13 0.2421875 0.3140625 0.140625 0.321875
13 0.3796875 0.31796875 0.15078125 0.3078125
13 0.528125 0.3125 0.153125 0.309375
13 0.6515625 0.2640625 0.13046875 0.1390625
13 0.65703125 0.4015625 0.1328125 0.13203125
13 0.77109375 0.28046875 0.11640625 0.10703125
13 0.9046875 0.2578125 0.159375 0.1390625
13 0.78671875 0.396875 0.1390625 0.13515625
13 0.92109375 0.40234375 0.15546875 0.1453125
13 0.9203125 0.8609375 0.159375 0.278125
13 0.78046875 0.84921875 0.2 0.25859375
13 0.6328125 0.8296875 0.13515625 0.234375
13 0.49765625 0.846875 0.17734375 0.2515625
13 0.3234375 0.84140625 0.17734375 0.26171875
13 0.17578125 0.83828125 0.1921875 0.25390625
13 0.06015625 0.8453125 0.1203125 0.25703125
13 0.05703125 0.67734375 0.1140625 0.11015625
13 0.18828125 0.6796875 0.146875 0.11796875
13 0.33671875 0.678125 0.15546875 0.11484375
13 0.73515625 0.67890625 0.159375 0.10703125