13 0.06640625 0.2734375 0.1328125 0.33515625
13 0.20625 0.21875 0.171875 0.15
13 0.18046875 0.3640625 0.140625 0.1453125
13 0.33203125 0.240625 0.12890625 0.11640625
13 0.31015625 0.36484375 0.13515625 0.1375
13 0.44609375 0.3671875 0.1328125 0.1453125
13 0.46171875 0.21953125 0.12265625 0.1421875
13 0.578125 0.24296875 0.1265625 0.11484375
13 0.5859375 0.365625 0.1390625 0.13671875
13 0.69453125 0.240625 0.1265625 0.11015625
13 0.7171875 0.3671875 0.13046875 0.1421875
13 0.8203125 0.2515625 0.140625 0.13515625
13 0.84140625 0.37890625 0.11015625 0.11796875
13 0.93828125 0.2515625 0.1234375 0.13515625
13 0.94375 0.3765625 0.1125 0.1125
13 0.771875 0.83359375 0.2328125 0.29375
13 0.9015625 0.809375 0.1859375 0.246875
13 0.5890625 0.809375 0.16953125 0.228125
13 0.41328125 0.83828125 0.1734375 0.28203125
13 0.24296875 0.8328125 0.18828125 0.27421875
13 0.140625 0.8140625 0.09765625 0.225
13 0.05 0.8375 0.1 0.26484375
13 0.2625 0.65703125 0.1859375 0.11015625
13 0.69921875 0.6515625 0.1328125 0.06875
13 0.84375 0.659375 0.13046875 0.059375