13 0.1359375 0.05859375 0.153125 0.11640625
13 0.28203125 0.059375 0.146875 0.11328125
13 0.43125 0.05625 0.146875 0.11171875
13 0.56875 0.05859375 0.159375 0.1171875
13 0.72109375 0.05703125 0.14296875 0.10703125
13 0.840625 0.06484375 0.10859375 0.10859375
13 0.9453125 0.065625 0.109375 0.09765625
13 0.13203125 0.528125 0.0875 0.20546875
13 0.0390625 0.534375 0.07734375 0.2421875
13 0.23984375 0.52265625 0.14921875 0.2421875
13 0.39921875 0.52265625 0.17734375 0.25390625
13 0.57109375 0.52109375 0.165625 0.21484375
13 0.75703125 0.51015625 0.2265625 0.26328125
13 0.90390625 0.521875 0.1328125 0.225
13 0.0796875 0.85703125 0.159375 0.2859375
13 0.21640625 0.86015625 0.1921875 0.2796875
13 0.3984375 0.85703125 0.18828125 0.2859375
13 0.58125 0.85859375 0.18203125 0.2828125
13 0.71484375 0.8140625 0.16328125 0.240625
13 0.88515625 0.81171875 0.18203125 0.2390625