13 0.0390625 0.2 0.06875 0.39765625
13 0.11015625 0.19765625 0.1125 0.39453125
13 0.2078125 0.19765625 0.1109375 0.39453125
13 0.3046875 0.19609375 0.1125 0.3921875
13 0.40078125 0.19375 0.1078125 0.3875
13 0.50703125 0.190625 0.115625 0.38125
13 0.61640625 0.19140625 0.115625 0.38203125
13 0.72734375 0.2 0.10390625 0.36796875
13 0.8140625 0.22265625 0.10625 0.31484375
13 0.90859375 0.22109375 0.1171875 0.30390625
13 0.0625 0.7484375 0.12421875 0.4890625
13 0.16484375 0.74921875 0.1296875 0.5015625
13 0.2765625 0.74921875 0.125 0.5015625
13 0.38828125 0.75390625 0.10546875 0.4921875
13 0.50390625 0.74765625 0.11015625 0.5046875
13 0.6328125 0.74296875 0.12578125 0.5140625
13 0.74765625 0.7453125 0.1390625 0.509375
13 0.8484375 0.753125 0.1171875 0.49375
13 0.93359375 0.75390625 0.1328125 0.4921875