13 0.06953125 0.0921875 0.1390625 0.18359375
13 0.203125 0.09140625 0.1453125 0.18203125
13 0.36796875 0.0859375 0.1921875 0.171875
13 0.53515625 0.0796875 0.15546875 0.159375
13 0.68515625 0.075 0.140625 0.15
13 0.8203125 0.0671875 0.140625 0.12890625
13 0.065625 0.48359375 0.13046875 0.371875
13 0.21171875 0.46640625 0.16171875 0.38125
13 0.371875 0.46015625 0.171875 0.39375
13 0.53828125 0.45546875 0.1734375 0.4
13 0.68828125 0.4625 0.17578125 0.36171875
13 0.840625 0.45625 0.1984375 0.3828125
7 0.15703125 0.85546875 0.1671875 0.2375
7 0.31328125 0.82578125 0.140625 0.2203125
7 0.44921875 0.82265625 0.13515625 0.2265625
7 0.57734375 0.82421875 0.140625 0.2234375
7 0.0421875 0.8515625 0.08359375 0.2421875
7 0.72109375 0.828125 0.16328125 0.228125
7 0.8703125 0.8296875 0.17578125 0.228125