7 0.05625 0.80859375 0.09375 0.28046875
7 0.1640625 0.81328125 0.11015625 0.2859375
7 0.2703125 0.80859375 0.109375 0.28046875
7 0.37890625 0.8375 0.11640625 0.31328125
7 0.50078125 0.83828125 0.109375 0.3234375
7 0.61171875 0.8421875 0.11015625 0.31484375
7 0.72265625 0.8390625 0.1171875 0.321875
7 0.78515625 0.80625 0.0921875 0.28046875
7 0.875 0.8078125 0.10625 0.28359375
7 0.96015625 0.80859375 0.0796875 0.26953125
13 0.05859375 0.3109375 0.11640625 0.52421875
13 0.17890625 0.31015625 0.12265625 0.5203125
13 0.30859375 0.31015625 0.13046875 0.521875
13 0.4328125 0.3140625 0.11640625 0.5078125
13 0.5515625 0.315625 0.1203125 0.51484375
13 0.68203125 0.321875 0.121875 0.50234375
13 0.7984375 0.32421875 0.115625 0.50078125
13 0.9328125 0.3203125 0.134375 0.521875