23 0.20390625 0.22421875 0.22890625 0.1453125
23 0.18515625 0.3453125 0.2234375 0.09140625
23 0.42734375 0.27265625 0.2625 0.23125
23 0.71171875 0.31953125 0.2796875 0.13203125
23 0.903125 0.11953125 0.19296875 0.203125
23 0.9203125 0.29140625 0.159375 0.1671875
23 0.10859375 0.66171875 0.13671875 0.1609375
23 0.184375 0.88203125 0.334375 0.2359375
23 0.49453125 0.84921875 0.253125 0.21953125
23 0.7171875 0.659375 0.2453125 0.17578125
23 0.7265625 0.834375 0.2359375 0.18671875
23 0.91640625 0.65703125 0.16640625 0.1921875