13 0.0890625 0.453125 0.17734375 0.42578125
13 0.26484375 0.45546875 0.165625 0.3875
13 0.45234375 0.4578125 0.18984375 0.42578125
13 0.6390625 0.46171875 0.171875 0.43046875
13 0.82109375 0.46171875 0.17578125 0.43046875
13 0.95546875 0.4640625 0.0890625 0.42890625
7 0.09921875 0.84765625 0.16171875 0.23125
7 0.2453125 0.846875 0.159375 0.2359375
7 0.3921875 0.8453125 0.1390625 0.2328125
7 0.54296875 0.84609375 0.15546875 0.228125
7 0.6984375 0.84765625 0.15078125 0.228125
7 0.890625 0.8765625 0.2 0.24609375
13 0.52890625 0.0625 0.1703125 0.125
13 0.69453125 0.0671875 0.1609375 0.134375
13 0.86328125 0.06875 0.16171875 0.1375