7 0.0421875 0.24375 0.08359375 0.328125
7 0.14921875 0.240625 0.18359375 0.33359375
7 0.3046875 0.2453125 0.1671875 0.33359375
13 0.4796875 0.2484375 0.15546875 0.33125
13 0.63046875 0.2546875 0.14921875 0.33203125
13 0.78125 0.25625 0.16171875 0.3265625
13 0.91640625 0.2625 0.16640625 0.3265625
13 0.0640625 0.73125 0.128125 0.45
13 0.21953125 0.7234375 0.20234375 0.403125
13 0.3984375 0.74140625 0.20390625 0.45
13 0.59140625 0.73671875 0.18984375 0.45
13 0.77734375 0.73828125 0.20234375 0.45
13 0.9171875 0.73984375 0.165625 0.4453125