13 0.46171875 0.740625 0.16328125 0.43046875
13 0.6171875 0.728125 0.16328125 0.4
13 0.83359375 0.73515625 0.22890625 0.44140625
13 0.9453125 0.73203125 0.109375 0.44140625
13 0.840625 0.2453125 0.18984375 0.328125
13 0.9390625 0.24921875 0.121875 0.33203125
7 0.05859375 0.28203125 0.11640625 0.309375
7 0.19375 0.27734375 0.17578125 0.321875
7 0.371875 0.27109375 0.14296875 0.321875
7 0.52109375 0.25859375 0.15546875 0.328125
7 0.67265625 0.2546875 0.16953125 0.3234375
7 0.29921875 0.67265625 0.1328125 0.18046875
7 0.2921875 0.85859375 0.14296875 0.20078125
7 0.16015625 0.83984375 0.12890625 0.18828125
7 0.04375 0.84296875 0.0875 0.19453125
7 0.1 0.67421875 0.11875 0.14375