7 0.0296875 0.69140625 0.059375 0.2140625
7 0.096875 0.69140625 0.11640625 0.2109375
7 0.196875 0.69140625 0.121875 0.20703125
7 0.303125 0.69375 0.09296875 0.1890625
7 0.3921875 0.6953125 0.09375 0.1921875
7 0.475 0.70078125 0.0734375 0.16171875
7 0.55625 0.696875 0.0796875 0.1796875
7 0.6359375 0.696875 0.08671875 0.17578125
7 0.740625 0.684375 0.11875 0.2
7 0.07421875 0.8984375 0.10703125 0.203125
7 0.171875 0.8984375 0.1140625 0.203125
7 0.275 0.8953125 0.11640625 0.20859375
7 0.3765625 0.896875 0.0953125 0.20625
7 0.465625 0.8875 0.0875 0.225
7 0.55703125 0.89140625 0.09921875 0.2171875
7 0.64765625 0.88984375 0.1 0.21953125
7 0.75859375 0.89296875 0.1140625 0.2140625
7 0.0375 0.24921875 0.07421875 0.31328125
7 0.08046875 0.28359375 0.0609375 0.24609375
7 0.20234375 0.27890625 0.0765625 0.25078125
7 0.28046875 0.2484375 0.0890625 0.3171875
7 0.36796875 0.221875 0.0890625 0.38125
7 0.46640625 0.221875 0.096875 0.37578125
7 0.56484375 0.22578125 0.09765625 0.36796875
7 0.66328125 0.2265625 0.11328125 0.37421875
7 0.77890625 0.22890625 0.13203125 0.359375
7 0.88046875 0.2265625 0.14296875 0.36640625
13 0.85390625 0.7609375 0.1578125 0.478125
13 0.9375 0.76328125 0.10859375 0.4421875