13 0.8203125 0.3890625 0.1234375 0.45625
13 0.9046875 0.41328125 0.071875 0.43203125
7 0.05078125 0.30859375 0.10078125 0.20859375
7 0.15234375 0.30703125 0.1234375 0.20546875
7 0.25390625 0.328125 0.09765625 0.190625
7 0.3515625 0.33359375 0.096875 0.18515625
7 0.44453125 0.35625 0.071875 0.14296875
7 0.51953125 0.346875 0.084375 0.16171875
7 0.59921875 0.35 0.0765625 0.1609375
7 0.70859375 0.3203125 0.10859375 0.2015625
7 0.709375 0.52109375 0.1125 0.1921875
7 0.6 0.52734375 0.084375 0.18515625
7 0.51171875 0.52421875 0.0875 0.190625
7 0.4234375 0.521875 0.084375 0.1890625
7 0.334375 0.521875 0.084375 0.1921875
7 0.23203125 0.51484375 0.11015625 0.2015625
7 0.12578125 0.51484375 0.10546875 0.2015625
7 0.0390625 0.51015625 0.078125 0.2015625
7 0.0765625 0.859375 0.13046875 0.28125
7 0.19140625 0.8609375 0.1296875 0.278125
7 0.2984375 0.846875 0.0890625 0.28046875
7 0.39609375 0.846875 0.096875 0.278125
7 0.48828125 0.82421875 0.0828125 0.24921875
7 0.5921875 0.84921875 0.10859375 0.2765625
7 0.690625 0.8484375 0.103125 0.27265625
7 0.78359375 0.85 0.10390625 0.26953125
7 0.8734375 0.84921875 0.115625 0.265625
7 0.95 0.8484375 0.1 0.26171875