7 0.040625 0.61015625 0.08125 0.1328125
7 0.1140625 0.60859375 0.09375 0.13359375
7 0.21328125 0.60546875 0.0921875 0.13203125
7 0.303125 0.60078125 0.0875 0.13203125
7 0.38828125 0.596875 0.0875 0.1296875
7 0.45546875 0.59140625 0.08359375 0.11875
7 0.534375 0.5875 0.08515625 0.12421875
7 0.61171875 0.584375 0.0796875 0.1140625
7 0.6875 0.58359375 0.0890625 0.11875
7 0.7625 0.58125 0.090625 0.11953125
13 0.8421875 0.58046875 0.0984375 0.12421875
13 0.953125 0.58046875 0.09375 0.125
13 0.05234375 0.37890625 0.1046875 0.2234375
13 0.1453125 0.3796875 0.10546875 0.22578125
13 0.24296875 0.378125 0.1125 0.21953125
13 0.34140625 0.37734375 0.1015625 0.2125
13 0.43203125 0.37734375 0.09453125 0.21484375
13 0.5328125 0.37109375 0.1 0.21640625
13 0.6171875 0.37265625 0.090625 0.2140625
13 0.68359375 0.378125 0.07421875 0.19453125
13 0.759375 0.3765625 0.090625 0.19453125
13 0.58046875 0.73984375 0.371875 0.115625
13 0.3078125 0.76796875 0.13984375 0.16875
13 0.85859375 0.41328125 0.1046875 0.11953125
13 0.94609375 0.41328125 0.08984375 0.11640625
13 0.05546875 0.10546875 0.09765625 0.21015625
13 0.153125 0.10625 0.09921875 0.21015625
13 0.2453125 0.10703125 0.09296875 0.20390625
13 0.334375 0.1109375 0.09921875 0.20625
13 0.4265625 0.1109375 0.096875 0.2015625
13 0.5140625 0.11328125 0.09375 0.1984375
13 0.596875 0.1265625 0.0859375 0.1734375
13 0.66640625 0.14140625 0.06953125 0.1421875
13 0.7390625 0.14453125 0.08203125 0.1375
13 0.83046875 0.13046875 0.0953125 0.1640625
13 0.915625 0.13046875 0.0828125 0.16640625
13 0.87578125 0.7453125 0.2234375 0.12578125