7 0.11640625 0.0984375 0.1328125 0.196875
7 0.09453125 0.32578125 0.090625 0.25625
7 0.20546875 0.31171875 0.13671875 0.2859375
7 0.2515625 0.08828125 0.07734375 0.171875
7 0.35234375 0.090625 0.13515625 0.18125
7 0.34453125 0.3203125 0.140625 0.2859375
7 0.4796875 0.3265625 0.13359375 0.28359375
7 0.48828125 0.09375 0.13515625 0.1828125
7 0.621875 0.0921875 0.1265625 0.18125
7 0.753125 0.096875 0.128125 0.19375
7 0.88125 0.09609375 0.13515625 0.1921875
7 0.61484375 0.32578125 0.13046875 0.2859375
7 0.74375 0.33203125 0.1328125 0.28046875
7 0.8734375 0.33359375 0.13046875 0.27265625
7 0.08515625 0.86015625 0.128125 0.2796875
7 0.21484375 0.85546875 0.1296875 0.2890625
7 0.34609375 0.85390625 0.12890625 0.2921875
7 0.47265625 0.8484375 0.12578125 0.303125
7 0.60078125 0.8484375 0.12421875 0.303125
7 0.70390625 0.765625 0.13359375 0.34140625
7 0.88203125 0.8078125 0.190625 0.384375