8 0.04921875 0.34765625 0.0984375 0.3015625
8 0.1390625 0.35 0.09375 0.30234375
8 0.23125 0.35 0.10078125 0.3078125
8 0.3265625 0.3484375 0.09296875 0.3046875
8 0.41484375 0.34765625 0.096875 0.30390625
8 0.49453125 0.35234375 0.0765625 0.29375
8 0.5796875 0.353125 0.08984375 0.30078125
8 0.659375 0.35390625 0.07578125 0.278125
8 0.74375 0.35390625 0.090625 0.28359375
8 0.91796875 0.81015625 0.090625 0.275
8 0.02890625 0.81953125 0.0578125 0.2890625
8 0.09765625 0.8359375 0.1 0.2890625
8 0.18359375 0.8171875 0.0609375 0.2671875
8 0.24296875 0.8375 0.09609375 0.29921875
8 0.32890625 0.8390625 0.0921875 0.28046875
8 0.41640625 0.83203125 0.08046875 0.2859375
8 0.50703125 0.81875 0.07265625 0.27890625
8 0.59765625 0.83359375 0.08984375 0.3046875
8 0.6890625 0.840625 0.090625 0.30078125
8 0.7828125 0.846875 0.0890625 0.3046875
8 0.8296875 0.78984375 0.07265625 0.2671875