8 0.04375 0.87890625 0.0875 0.2234375
8 0.1296875 0.85703125 0.0921875 0.20078125
8 0.20390625 0.87734375 0.13515625 0.215625
8 0.31484375 0.8640625 0.1265625 0.21171875
8 0.42578125 0.8609375 0.12421875 0.2171875
8 0.54921875 0.84453125 0.11875 0.21015625
8 0.68125 0.85546875 0.12421875 0.23125
8 0.8 0.8625 0.12890625 0.2359375
8 0.93046875 0.86875 0.1390625 0.2375
8 0.8484375 0.48046875 0.1328125 0.228125
8 0.0453125 0.53046875 0.08984375 0.225
8 0.13515625 0.53125 0.15078125 0.2328125
8 0.259375 0.5265625 0.14296875 0.225
8 0.38203125 0.5203125 0.146875 0.23125
8 0.48828125 0.50390625 0.11875 0.2171875
8 0.6109375 0.50546875 0.13515625 0.2296875
8 0.721875 0.48203125 0.12890625 0.215625
7 0.08984375 0.234375 0.171875 0.159375
7 0.23203125 0.23046875 0.14921875 0.1421875
7 0.36015625 0.22421875 0.13671875 0.1421875
7 0.484375 0.215625 0.14296875 0.15
7 0.62578125 0.1953125 0.15703125 0.17578125
7 0.7734375 0.184375 0.15703125 0.1703125
7 0.925 0.17265625 0.15 0.17890625