9 0.03828125 0.34765625 0.0765625 0.4640625
9 0.1140625 0.3484375 0.10703125 0.46328125
9 0.2125 0.35546875 0.09375 0.45234375
9 0.30625 0.35703125 0.0921875 0.446875
9 0.39921875 0.359375 0.09609375 0.4546875
9 0.490625 0.37890625 0.08046875 0.4015625
9 0.6265625 0.39375 0.0703125 0.37890625
9 0.72578125 0.36875 0.0859375 0.43046875
9 0.81015625 0.36953125 0.0796875 0.42109375
9 0.89296875 0.36953125 0.090625 0.4265625
9 0.97109375 0.3703125 0.05703125 0.421875
7 0.05390625 0.89609375 0.1078125 0.2078125
7 0.15625 0.89296875 0.1125 0.2140625
7 0.271875 0.8953125 0.10859375 0.20859375
7 0.375 0.89609375 0.09921875 0.2078125
7 0.4765625 0.89296875 0.1 0.2140625
7 0.57734375 0.88671875 0.103125 0.2265625
7 0.65546875 0.8625 0.09296875 0.22734375
7 0.72890625 0.8421875 0.0875 0.2
7 0.81171875 0.8328125 0.0859375 0.2
7 0.8953125 0.83359375 0.08203125 0.20390625
7 0.96953125 0.85234375 0.06015625 0.22890625