7 0.04296875 0.59453125 0.0859375 0.17734375
7 0.1640625 0.5890625 0.15703125 0.17890625
7 0.309375 0.578125 0.13671875 0.1609375
7 0.43125 0.56640625 0.12265625 0.14375
7 0.55078125 0.56875 0.1203125 0.1515625
7 0.6625 0.56484375 0.11640625 0.1453125
7 0.8015625 0.57734375 0.140625 0.165625
7 0.9234375 0.57578125 0.11875 0.15625
8 0.946875 0.821875 0.10625 0.184375
8 0.0859375 0.86875 0.1265625 0.2453125
8 0.21484375 0.859375 0.1140625 0.2421875
8 0.3328125 0.8609375 0.11875 0.2390625
8 0.4515625 0.85234375 0.11015625 0.24375
8 0.56875 0.85234375 0.1203125 0.24375
8 0.65390625 0.8390625 0.10234375 0.21015625
8 0.76484375 0.84453125 0.10859375 0.215625
8 0.84765625 0.82109375 0.08203125 0.18359375
9 0.09609375 0.19140625 0.13046875 0.303125
9 0.2921875 0.20546875 0.0859375 0.28203125
9 0.3828125 0.1796875 0.1125 0.34765625
9 0.4984375 0.18828125 0.12265625 0.34296875
9 0.61953125 0.18046875 0.1203125 0.33984375
9 0.7421875 0.1890625 0.12421875 0.34140625
9 0.8515625 0.1921875 0.10625 0.34140625
9 0.95546875 0.18984375 0.0890625 0.33984375