9 0.05859375 0.23203125 0.115625 0.37734375
9 0.1421875 0.25078125 0.09609375 0.340625
9 0.2171875 0.24609375 0.103125 0.371875
9 0.30625 0.25703125 0.0875 0.35546875
9 0.38671875 0.26171875 0.0875 0.3625
9 0.4609375 0.26875 0.07734375 0.3609375
9 0.5390625 0.275 0.071875 0.34296875
9 0.02421875 0.80234375 0.0484375 0.3953125
9 0.08046875 0.803125 0.1234375 0.39375
9 0.18125 0.80390625 0.115625 0.3921875
9 0.27421875 0.80625 0.1171875 0.3875
9 0.5125 0.81796875 0.071875 0.3640625
9 0.59765625 0.809375 0.0953125 0.38125
9 0.67578125 0.81328125 0.09375 0.3734375
9 0.75625 0.81171875 0.10703125 0.3765625
9 0.8375 0.81328125 0.103125 0.3734375
9 0.90546875 0.8140625 0.1015625 0.371875
9 0.96484375 0.81484375 0.06953125 0.36953125
9 0.38671875 0.8125 0.0953125 0.371875
8 0.6265625 0.25703125 0.109375 0.38671875
8 0.73203125 0.26015625 0.10625 0.384375
8 0.825 0.26953125 0.1203125 0.37890625
8 0.921875 0.2765625 0.11640625 0.38125
8 0.9703125 0.2796875 0.059375 0.371875