8 0.13359375 0.18671875 0.1265625 0.3734375
8 0.23984375 0.18828125 0.1265625 0.37578125
8 0.3484375 0.19140625 0.121875 0.38203125
8 0.453125 0.190625 0.1140625 0.38125
8 0.56015625 0.1921875 0.10703125 0.384375
8 0.68203125 0.19296875 0.1234375 0.38515625
8 0.79296875 0.1953125 0.1265625 0.390625
8 0.8765625 0.2265625 0.07421875 0.328125
8 0.94765625 0.22421875 0.1046875 0.33125
9 0.05078125 0.1921875 0.1015625 0.3625
9 0.06484375 0.7765625 0.1234375 0.446875
9 0.15546875 0.78203125 0.1171875 0.4359375
9 0.23515625 0.7796875 0.11640625 0.440625
9 0.31875 0.7796875 0.10234375 0.440625
9 0.40625 0.78203125 0.090625 0.4359375
9 0.4890625 0.778125 0.0859375 0.44296875
9 0.57578125 0.78203125 0.0890625 0.4359375
9 0.6375 0.7890625 0.05390625 0.42109375
9 0.70078125 0.78671875 0.0953125 0.4265625
9 0.784375 0.7875 0.1 0.425
7 0.86875 0.6859375 0.11015625 0.20546875
7 0.946875 0.68828125 0.0703125 0.19453125
7 0.88515625 0.89375 0.1140625 0.2125