7 0.08046875 0.453125 0.12890625 0.16875
7 0.2 0.44921875 0.1265625 0.159375
7 0.30625 0.4453125 0.1140625 0.1609375
7 0.41796875 0.44140625 0.1203125 0.159375
7 0.5109375 0.44296875 0.09765625 0.146875
7 0.6078125 0.4359375 0.09609375 0.1484375
7 0.7015625 0.4328125 0.10390625 0.1453125
7 0.8046875 0.4265625 0.10234375 0.1484375
7 0.8984375 0.42421875 0.1140625 0.153125
13 0.08984375 0.15 0.1390625 0.28828125
13 0.209375 0.1484375 0.153125 0.27890625
13 0.34453125 0.14921875 0.13671875 0.27421875
13 0.4609375 0.14453125 0.12890625 0.27109375
13 0.58828125 0.1375 0.1296875 0.275
13 0.70703125 0.13671875 0.1203125 0.2734375
13 0.7984375 0.15 0.09375 0.2453125
13 0.89140625 0.14140625 0.10859375 0.246875
13 0.29140625 0.6296875 0.1859375 0.18359375
13 0.68125 0.59609375 0.5046875 0.13515625
13 0.1015625 0.746875 0.203125 0.246875
13 0.42578125 0.7375 0.19140625 0.246875
13 0.59296875 0.73828125 0.178125 0.20390625
13 0.73359375 0.74296875 0.20625 0.19140625
13 0.88515625 0.759375 0.2296875 0.20546875