13 0.12578125 0.37109375 0.1734375 0.2234375
13 0.28671875 0.371875 0.16953125 0.2171875
13 0.4390625 0.3796875 0.15546875 0.2171875
13 0.58828125 0.38046875 0.146875 0.20703125
13 0.7171875 0.38125 0.13515625 0.20234375
13 0.8171875 0.375 0.08203125 0.171875
13 0.91328125 0.37421875 0.1265625 0.17578125
13 0.1234375 0.865625 0.2390625 0.26640625
13 0.3515625 0.86484375 0.221875 0.2703125
13 0.5328125 0.85234375 0.1921875 0.2953125
13 0.72265625 0.859375 0.253125 0.28125
13 0.375 0.7046875 0.3984375 0.11015625
13 0.878125 0.10234375 0.171875 0.2046875
13 0.7171875 0.11796875 0.10625 0.17734375
13 0.5953125 0.10078125 0.14375 0.2015625
13 0.45546875 0.0984375 0.1484375 0.196875
13 0.328125 0.0953125 0.12890625 0.18359375
13 0.196875 0.0921875 0.18203125 0.18359375
13 0.05625 0.0921875 0.1125 0.18046875