23 0.12734375 0.54765625 0.2546875 0.1796875
23 0.11875 0.71328125 0.2375 0.1828125
23 0.09375 0.88203125 0.1875 0.2359375
23 0.33671875 0.89375 0.28046875 0.1921875
23 0.346875 0.715625 0.25546875 0.15625
23 0.35625 0.58359375 0.20625 0.10234375
23 0.60078125 0.54609375 0.23671875 0.15546875
23 0.825 0.55546875 0.24296875 0.1609375
23 0.9453125 0.525 0.109375 0.134375
23 0.61015625 0.7109375 0.25 0.18515625
23 0.84765625 0.71171875 0.265625 0.18125
23 0.61953125 0.89296875 0.26875 0.18515625
23 0.8671875 0.89765625 0.265625 0.18125