15 0.06328125 0.040625 0.1265625 0.08125
15 0.21953125 0.040625 0.18984375 0.08125
15 0.4046875 0.0390625 0.18828125 0.078125
15 0.60546875 0.040625 0.21484375 0.08125
15 0.80390625 0.03984375 0.2265625 0.0796875
15 0.96015625 0.04296875 0.0796875 0.0859375
15 0.1203125 0.3875 0.23671875 0.29375
15 0.371875 0.37734375 0.278125 0.3140625
15 0.634375 0.3890625 0.24296875 0.30625
15 0.88203125 0.39140625 0.2359375 0.3171875
15 0.0765625 0.846875 0.153125 0.30625
15 0.29375 0.84921875 0.2859375 0.3015625
15 0.6171875 0.8421875 0.2125 0.315625
15 0.80546875 0.846875 0.20234375 0.30625
15 0.94609375 0.853125 0.1078125 0.29375