15 0.134375 0.1 0.26875 0.2
15 0.4078125 0.10234375 0.26875 0.2046875
15 0.68125 0.09921875 0.3 0.1984375
15 0.91171875 0.09375 0.1765625 0.18671875
15 0.1203125 0.525 0.240625 0.3015625
15 0.415625 0.50625 0.1984375 0.29296875
15 0.5859375 0.5 0.17578125 0.27109375
15 0.75546875 0.50390625 0.2125 0.25703125
15 0.90703125 0.4515625 0.1859375 0.334375
15 0.10078125 0.85390625 0.2015625 0.2921875
15 0.2953125 0.83984375 0.23046875 0.3015625
15 0.5078125 0.8671875 0.240625 0.265625
15 0.7421875 0.87109375 0.23046875 0.25703125
15 0.92734375 0.87578125 0.1453125 0.2453125