15 0.21328125 0.09453125 0.26328125 0.18828125
15 0.46796875 0.08984375 0.24921875 0.17890625
15 0.7375 0.0828125 0.28984375 0.165625
15 0.94375 0.075 0.1125 0.15
15 0.0625 0.45078125 0.12421875 0.3296875
15 0.221875 0.4515625 0.28359375 0.35546875
15 0.45546875 0.453125 0.265625 0.34921875
15 0.721875 0.44140625 0.271875 0.3796875
15 0.915625 0.4359375 0.16875 0.38125
15 0.121875 0.8765625 0.22265625 0.2359375
15 0.11328125 0.70859375 0.2265625 0.078125
15 0.31484375 0.8296875 0.18828125 0.27109375
15 0.50546875 0.83984375 0.2390625 0.31953125
15 0.746875 0.84375 0.23515625 0.3125
15 0.92890625 0.83203125 0.1421875 0.3