15 0.0484375 0.2921875 0.096875 0.309375
15 0.15546875 0.2859375 0.12734375 0.340625
15 0.28203125 0.2765625 0.13203125 0.34609375
15 0.3796875 0.3125 0.11328125 0.284375
15 0.478125 0.31484375 0.10546875 0.2734375
15 0.58984375 0.3078125 0.1109375 0.28359375
15 0.70234375 0.31484375 0.11328125 0.2765625
15 0.81015625 0.30625 0.12734375 0.278125
15 0.91484375 0.296875 0.13203125 0.30234375
15 0.06796875 0.82109375 0.1359375 0.3578125
15 0.21875 0.815625 0.1890625 0.36796875
15 0.41171875 0.775 0.1734375 0.45
15 0.58125 0.76796875 0.1921875 0.46328125
15 0.76875 0.76875 0.20625 0.4625
15 0.92578125 0.7828125 0.1484375 0.43125