15 0.0234375 0.29140625 0.046875 0.359375
15 0.1359375 0.26953125 0.19609375 0.39453125
15 0.325 0.27578125 0.1671875 0.3828125
15 0.4921875 0.28515625 0.20625 0.40703125
15 0.68203125 0.29375 0.18359375 0.37734375
15 0.8671875 0.284375 0.1890625 0.38125
15 0.09765625 0.82265625 0.1953125 0.3484375
15 0.3140625 0.8328125 0.14375 0.334375
15 0.45078125 0.840625 0.1296875 0.31875
15 0.57265625 0.84140625 0.140625 0.31640625
15 0.69921875 0.78984375 0.15625 0.4203125
15 0.865625 0.78828125 0.1796875 0.42265625