15 0.05234375 0.1828125 0.10390625 0.36484375
15 0.196875 0.1828125 0.1890625 0.365625
15 0.38359375 0.19609375 0.196875 0.3921875
15 0.59609375 0.20859375 0.20390625 0.403125
15 0.80078125 0.2421875 0.20859375 0.38671875
15 0.9390625 0.246875 0.121875 0.378125
15 0.05703125 0.70546875 0.11328125 0.51484375
15 0.12578125 0.71796875 0.21484375 0.496875
15 0.3375 0.59140625 0.21328125 0.18671875
15 0.3375 0.83359375 0.1984375 0.3328125
15 0.5171875 0.8140625 0.1875 0.371875
15 0.6984375 0.81875 0.18125 0.3625
15 0.8671875 0.81640625 0.1828125 0.3671875