15 0.16171875 0.08671875 0.32265625 0.1734375
15 0.46796875 0.09296875 0.30625 0.18515625
15 0.76015625 0.0890625 0.29375 0.17734375
15 0.15625 0.3515625 0.3125 0.13359375
15 0.15625 0.52421875 0.26328125 0.2265625
15 0.4015625 0.51953125 0.2515625 0.26640625
15 0.65078125 0.5125 0.25546875 0.27109375
15 0.87890625 0.5 0.2421875 0.27109375
15 0.17890625 0.821875 0.23515625 0.29296875
15 0.3734375 0.8515625 0.2328125 0.296875
15 0.60546875 0.83984375 0.23046875 0.31953125
15 0.8140625 0.85078125 0.21484375 0.2984375
15 0.95859375 0.85625 0.0828125 0.2875
15 0.95546875 0.08984375 0.0890625 0.17890625