15 0.10859375 0.1109375 0.2171875 0.221875
15 0.3546875 0.11015625 0.27421875 0.2203125
15 0.59140625 0.1171875 0.2578125 0.234375
15 0.84609375 0.1140625 0.2578125 0.228125
15 0.12109375 0.51328125 0.2421875 0.27265625
15 0.36015625 0.52265625 0.22890625 0.25078125
15 0.5796875 0.5375 0.20234375 0.225
15 0.78515625 0.52265625 0.20078125 0.2296875
15 0.1296875 0.85703125 0.2453125 0.2859375
15 0.34921875 0.859375 0.22734375 0.28125
15 0.57890625 0.85625 0.22890625 0.2875
15 0.9125 0.7953125 0.175 0.2