15 0.06796875 0.09296875 0.1359375 0.1859375
15 0.2609375 0.10078125 0.24375 0.2015625
15 0.4984375 0.109375 0.221875 0.21875
15 0.71875 0.11328125 0.209375 0.2265625
15 0.071875 0.41953125 0.14375 0.3640625
15 0.909375 0.1234375 0.18125 0.246875
15 0.2234375 0.45078125 0.26328125 0.32109375
15 0.46171875 0.45703125 0.24453125 0.303125
15 0.06015625 0.8421875 0.1203125 0.315625
15 0.68046875 0.4609375 0.2421875 0.34375
15 0.8765625 0.4796875 0.1875 0.28203125
15 0.953125 0.79765625 0.09296875 0.26171875
15 0.22421875 0.834375 0.24140625 0.28125
15 0.44921875 0.8375 0.19296875 0.32421875
15 0.6578125 0.8296875 0.19296875 0.309375
15 0.82734375 0.83125 0.1640625 0.3