15 0.1609375 0.8359375 0.25546875 0.27421875
15 0.40625 0.825 0.259375 0.27109375
15 0.6296875 0.81796875 0.2578125 0.2765625
15 0.84921875 0.76953125 0.22734375 0.2359375
15 0.12421875 0.46328125 0.2484375 0.271875
15 0.37578125 0.4546875 0.2515625 0.2796875
15 0.6296875 0.45078125 0.27421875 0.26640625
15 0.8375 0.43984375 0.15 0.2140625
15 0.128125 0.07578125 0.25625 0.1515625
15 0.39453125 0.07265625 0.2984375 0.1453125
15 0.690625 0.07109375 0.29375 0.1421875
15 0.91796875 0.07265625 0.1640625 0.1453125