15 0.1015625 0.81484375 0.203125 0.3703125
15 0.3140625 0.809375 0.25 0.38125
15 0.57109375 0.81875 0.23203125 0.36171875
15 0.7875 0.815625 0.23515625 0.36796875
15 0.94140625 0.80859375 0.1171875 0.3828125
15 0.04921875 0.28359375 0.0984375 0.27578125
15 0.1609375 0.271875 0.1703125 0.2859375
15 0.37265625 0.184375 0.2609375 0.16328125
15 0.371875 0.34453125 0.246875 0.153125
15 0.62265625 0.17890625 0.2515625 0.16953125
15 0.6265625 0.340625 0.25625 0.153125
15 0.86328125 0.20078125 0.2578125 0.15078125
15 0.87890625 0.33984375 0.2421875 0.1359375