15 0.09453125 0.11484375 0.1890625 0.2296875
15 0.28046875 0.109375 0.27421875 0.2109375
15 0.528125 0.0921875 0.25 0.18359375
15 0.79140625 0.08359375 0.2984375 0.1671875
15 0.1375 0.46875 0.275 0.35
15 0.3828125 0.4640625 0.26171875 0.33984375
15 0.603125 0.44453125 0.25 0.3125
15 0.85546875 0.45390625 0.28828125 0.303125
15 0.14921875 0.86171875 0.271875 0.2765625
15 0.38984375 0.853125 0.26796875 0.29296875
15 0.634375 0.83046875 0.2453125 0.31484375
15 0.86640625 0.8421875 0.2671875 0.315625