23 0.07421875 0.121875 0.1484375 0.1515625
23 0.23203125 0.09609375 0.19609375 0.18515625
23 0.43046875 0.1 0.178125 0.17109375
23 0.628125 0.08984375 0.18828125 0.1796875
23 0.8234375 0.0890625 0.19453125 0.17734375
23 0.1375 0.37890625 0.275 0.146875
23 0.41953125 0.390625 0.29453125 0.121875
23 0.771875 0.31015625 0.3625 0.11640625
23 0.775 0.42421875 0.35625 0.10859375
23 0.7703125 0.53671875 0.34140625 0.10703125
23 0.421875 0.5359375 0.33515625 0.10859375
23 0.13671875 0.52265625 0.27265625 0.1375
23 0.14453125 0.70546875 0.2890625 0.11328125
23 0.15078125 0.80234375 0.3015625 0.140625
23 0.44609375 0.73125 0.31484375 0.12890625
23 0.43359375 0.90078125 0.3515625 0.17421875
23 0.12734375 0.92890625 0.2546875 0.11015625
23 0.815625 0.70703125 0.36796875 0.11484375
23 0.79453125 0.81953125 0.3828125 0.11171875
23 0.79375 0.92890625 0.37265625 0.12265625