17 0.0484375 0.115625 0.096875 0.23125
17 0.18671875 0.11953125 0.1828125 0.2390625
17 0.37578125 0.11875 0.153125 0.2375
17 0.54765625 0.1234375 0.1546875 0.246875
17 0.684375 0.1265625 0.128125 0.253125
17 0.93203125 0.12890625 0.13515625 0.2578125
17 0.8265625 0.12890625 0.08046875 0.2578125
17 0.06015625 0.72265625 0.1203125 0.328125
17 0.190625 0.69609375 0.15 0.27109375
17 0.34765625 0.73359375 0.1859375 0.33828125
17 0.509375 0.72109375 0.159375 0.31015625
17 0.68515625 0.73671875 0.184375 0.33203125
17 0.8828125 0.746875 0.19375 0.340625