17 0.07265625 0.046875 0.1453125 0.09375
17 0.22421875 0.04765625 0.1859375 0.0953125
17 0.43359375 0.04296875 0.17578125 0.0859375
17 0.609375 0.040625 0.17578125 0.08125
17 0.7765625 0.03828125 0.18125 0.0765625
17 0.05859375 0.42734375 0.1171875 0.26015625
17 0.22109375 0.41875 0.20078125 0.26953125
17 0.43515625 0.42578125 0.1859375 0.25546875
17 0.634375 0.4109375 0.2046875 0.26328125
17 0.80078125 0.4203125 0.18671875 0.24453125
17 0.9625 0.425 0.075 0.240625
17 0.065625 0.8296875 0.13125 0.228125
17 0.2359375 0.803125 0.1796875 0.2109375
17 0.41171875 0.85546875 0.2375 0.24921875
17 0.60625 0.81484375 0.1984375 0.228125
17 0.821875 0.83984375 0.25390625 0.25078125