17 0.1453125 0.5671875 0.21953125 0.275
17 0.34765625 0.55234375 0.19765625 0.25703125
17 0.146875 0.825 0.20703125 0.234375
17 0.3453125 0.8125 0.19921875 0.26328125
17 0.5390625 0.546875 0.20078125 0.25078125
17 0.53671875 0.80546875 0.19296875 0.2484375
17 0.759375 0.70390625 0.21328125 0.47578125
17 0.8765625 0.6671875 0.1875 0.41796875
17 0.1 0.12265625 0.16875 0.2453125
17 0.2609375 0.12421875 0.1625 0.2484375
17 0.51953125 0.12265625 0.1515625 0.2453125
17 0.7484375 0.12421875 0.178125 0.24765625
17 0.8984375 0.121875 0.125 0.24375