17 0.453125 0.09609375 0.21875 0.1671875
17 0.71953125 0.1 0.20859375 0.18046875
17 0.86796875 0.1234375 0.12109375 0.1390625
17 0.04140625 0.4859375 0.0828125 0.2328125
17 0.13984375 0.4859375 0.0984375 0.2140625
17 0.27890625 0.484375 0.18828125 0.24140625
17 0.48828125 0.49140625 0.19453125 0.25234375
17 0.67421875 0.4890625 0.17421875 0.2328125
17 0.89765625 0.5 0.2046875 0.284375
17 0.06796875 0.8015625 0.1359375 0.15859375
17 0.0671875 0.94140625 0.13359375 0.1171875
17 0.24765625 0.79375 0.2171875 0.16171875
17 0.24921875 0.934375 0.2390625 0.13125
17 0.4859375 0.85859375 0.21875 0.2828125
17 0.65859375 0.85234375 0.1921875 0.26328125
17 0.85859375 0.85234375 0.21328125 0.26953125