17 0.0296875 0.88984375 0.059375 0.2171875
17 0.10390625 0.89140625 0.08828125 0.21640625
17 0.17734375 0.890625 0.071875 0.21796875
17 0.24609375 0.8921875 0.11875 0.21484375
17 0.31953125 0.89375 0.1265625 0.2125
17 0.4265625 0.890625 0.10078125 0.21796875
17 0.49921875 0.89140625 0.10234375 0.215625
17 0.575 0.875 0.10234375 0.2171875
17 0.6484375 0.88828125 0.11484375 0.215625
17 0.72734375 0.88828125 0.10078125 0.209375
17 0.80546875 0.86640625 0.12734375 0.19453125
17 0.96953125 0.85234375 0.0609375 0.2078125
17 0.8875 0.60390625 0.15546875 0.10703125
17 0.77109375 0.6125 0.14375 0.11796875
17 0.615625 0.56328125 0.1390625 0.18515625
17 0.4859375 0.56171875 0.125 0.17890625
17 0.3640625 0.57265625 0.1515625 0.20625
17 0.21015625 0.5171875 0.14921875 0.10546875
17 0.0640625 0.5203125 0.12734375 0.11796875
17 0.06875 0.6296875 0.1375 0.10390625
17 0.2046875 0.62734375 0.14296875 0.10234375
17 0.040625 0.32421875 0.08046875 0.16015625
17 0.2203125 0.3171875 0.12890625 0.1640625
17 0.4921875 0.309375 0.12421875 0.1578125
17 0.3703125 0.30625 0.14296875 0.17578125
17 0.63203125 0.30234375 0.14375 0.18046875
17 0.77265625 0.2953125 0.14765625 0.17890625
17 0.93046875 0.30078125 0.1390625 0.18671875
17 0.32734375 0.04609375 0.1515625 0.0921875
17 0.5046875 0.0453125 0.1375 0.090625
17 0.74140625 0.04765625 0.16171875 0.0953125
17 0.88828125 0.0453125 0.12890625 0.090625