17 0.0484375 0.86875 0.096875 0.26171875
17 0.11953125 0.8609375 0.096875 0.278125
17 0.31015625 0.8484375 0.0765625 0.303125
17 0.415625 0.853125 0.084375 0.29375
17 0.36796875 0.8484375 0.05859375 0.303125
17 0.4828125 0.85859375 0.096875 0.28203125
17 0.5546875 0.84453125 0.09375 0.3109375
17 0.64453125 0.7953125 0.109375 0.26484375
17 0.6796875 0.84296875 0.140625 0.3140625
17 0.790625 0.821875 0.115625 0.3515625
17 0.875 0.83984375 0.06875 0.3203125
17 0.94296875 0.80625 0.07734375 0.2875
17 0.9234375 0.35546875 0.15234375 0.31015625
17 0.60703125 0.35859375 0.13515625 0.32421875
17 0.69765625 0.36875 0.0828125 0.2828125
17 0.44140625 0.42890625 0.12421875 0.16328125
17 0.31640625 0.4328125 0.12890625 0.18359375
17 0.18828125 0.44140625 0.13046875 0.17109375
17 0.065625 0.43984375 0.13046875 0.1734375