17 0.840625 0.90390625 0.2046875 0.1921875
17 0.3796875 0.90390625 0.178125 0.1921875
17 0.525 0.89765625 0.125 0.2046875
17 0.13359375 0.95234375 0.1828125 0.0953125
17 0.18125 0.8609375 0.1328125 0.09453125
17 0.6328125 0.625 0.1703125 0.2125
17 0.4765625 0.58125 0.12265625 0.159375
17 0.35390625 0.584375 0.13125 0.17734375
17 0.2125 0.57265625 0.14140625 0.1640625
17 0.08125 0.5671875 0.12890625 0.15625
17 0.12734375 0.146875 0.20859375 0.16953125
17 0.11796875 0.296875 0.2109375 0.1578125
17 0.3171875 0.3046875 0.17578125 0.1359375
17 0.49453125 0.315625 0.14921875 0.134375
17 0.6484375 0.31328125 0.16015625 0.1359375
17 0.8109375 0.32421875 0.1453125 0.1421875
17 0.93828125 0.328125 0.1234375 0.134375