17 0.02265625 0.30390625 0.0453125 0.45078125
17 0.08828125 0.29296875 0.15625 0.43671875
17 0.2125 0.29765625 0.13359375 0.434375
17 0.3390625 0.321875 0.11953125 0.41015625
17 0.46171875 0.32265625 0.12578125 0.40625
17 0.57421875 0.33359375 0.11796875 0.40390625
17 0.68359375 0.3453125 0.12578125 0.3875
17 0.8 0.35546875 0.13671875 0.4
17 0.8953125 0.36015625 0.14140625 0.37109375
17 0.059375 0.90390625 0.11875 0.1921875
17 0.06328125 0.71015625 0.1265625 0.21015625
17 0.19140625 0.909375 0.1421875 0.18125
17 0.33359375 0.7078125 0.13046875 0.2015625
17 0.321875 0.90859375 0.1546875 0.18203125
17 0.46640625 0.909375 0.1390625 0.18125
17 0.59140625 0.9109375 0.13359375 0.178125
17 0.7140625 0.90546875 0.13359375 0.18828125
17 0.82265625 0.9078125 0.12109375 0.184375
17 0.93828125 0.90390625 0.1234375 0.1921875