17 0.04609375 0.70546875 0.0921875 0.17109375
17 0.02421875 0.89453125 0.0484375 0.2109375
17 0.10234375 0.89296875 0.1015625 0.2140625
17 0.2234375 0.89609375 0.165625 0.2078125
17 0.2328125 0.69375 0.1515625 0.21171875
17 0.3828125 0.6875 0.14296875 0.19375
17 0.37421875 0.89921875 0.1453125 0.2015625
17 0.5078125 0.8890625 0.11953125 0.22109375
17 0.659375 0.6890625 0.13671875 0.20390625
17 0.6609375 0.8953125 0.175 0.20859375
17 0.81484375 0.8890625 0.14296875 0.22109375
17 0.9296875 0.89296875 0.1375 0.2140625
17 0.95546875 0.27890625 0.0890625 0.4234375
17 0.88359375 0.27421875 0.1703125 0.4328125
17 0.7625 0.26953125 0.1578125 0.446875
17 0.63828125 0.2765625 0.13515625 0.44453125
17 0.50859375 0.26328125 0.13359375 0.4390625
17 0.384375 0.2546875 0.13359375 0.459375
17 0.25078125 0.25234375 0.1484375 0.453125
17 0.11953125 0.26015625 0.1546875 0.45703125
17 0.0359375 0.25703125 0.07109375 0.45078125