17 0.05859375 0.86171875 0.1171875 0.2765625
17 0.19921875 0.8609375 0.19609375 0.26953125
17 0.4265625 0.85390625 0.1859375 0.2671875
17 0.67890625 0.79453125 0.13515625 0.17265625
17 0.83828125 0.81015625 0.1515625 0.20625
17 0.95703125 0.81015625 0.0859375 0.19453125
17 0.146875 0.53984375 0.21484375 0.153125
17 0.1609375 0.3890625 0.190625 0.1453125
17 0.353125 0.396875 0.18203125 0.140625
17 0.3453125 0.54296875 0.16953125 0.15625
17 0.51171875 0.55078125 0.16796875 0.134375
17 0.7078125 0.54921875 0.20078125 0.1421875
17 0.715625 0.40234375 0.171875 0.1421875
17 0.88671875 0.5546875 0.20703125 0.146875
17 0.059375 0.11328125 0.11875 0.2265625
17 0.18671875 0.1125 0.184375 0.225
17 0.35546875 0.11875 0.16953125 0.2375
17 0.53125 0.11953125 0.190625 0.2390625
17 0.69921875 0.12265625 0.18828125 0.2453125
17 0.86796875 0.12734375 0.190625 0.25390625