17 0.09765625 0.13359375 0.1703125 0.26640625
17 0.25390625 0.134375 0.16796875 0.26796875
17 0.41484375 0.13046875 0.1578125 0.2609375
17 0.58515625 0.13125 0.1640625 0.2625
17 0.74453125 0.12734375 0.16796875 0.2546875
17 0.9125 0.121875 0.175 0.24375
17 0.09609375 0.5421875 0.18203125 0.1484375
17 0.1390625 0.42109375 0.12890625 0.10859375
17 0.28515625 0.54765625 0.18046875 0.1421875
17 0.30546875 0.4234375 0.14296875 0.10390625
17 0.42578125 0.5453125 0.14765625 0.134375
17 0.57890625 0.4046875 0.17578125 0.134375
17 0.75703125 0.4078125 0.171875 0.134375
17 0.59609375 0.54140625 0.18203125 0.15
17 0.76484375 0.54296875 0.1640625 0.1359375
17 0.90390625 0.54140625 0.14765625 0.1375
17 0.13671875 0.84140625 0.178125 0.24453125
17 0.315625 0.81875 0.1390625 0.209375
17 0.46328125 0.85390625 0.17421875 0.275
17 0.6421875 0.853125 0.1921875 0.25859375
17 0.865625 0.84375 0.19453125 0.25546875