17 0.0640625 0.853125 0.12734375 0.23671875
17 0.12109375 0.1484375 0.17578125 0.29296875
17 0.2953125 0.14453125 0.165625 0.2890625
17 0.45390625 0.14609375 0.1546875 0.2921875
17 0.62109375 0.146875 0.14921875 0.2921875
17 0.78515625 0.146875 0.1578125 0.29375
17 0.9328125 0.14609375 0.134375 0.2921875
17 0.459375 0.4578125 0.1453125 0.09921875
17 0.46015625 0.5796875 0.18046875 0.14375
17 0.184375 0.82734375 0.1109375 0.1984375
17 0.67265625 0.57890625 0.16796875 0.13359375
17 0.628125 0.46171875 0.13125 0.10390625
17 0.79921875 0.584375 0.10703125 0.11640625
17 0.93828125 0.44765625 0.1234375 0.13515625
17 0.94921875 0.58203125 0.1015625 0.1359375
17 0.034375 0.53828125 0.06796875 0.2234375
17 0.29921875 0.85625 0.14765625 0.23203125
17 0.4953125 0.87265625 0.15546875 0.2546875
17 0.65625 0.85546875 0.16015625 0.24296875
17 0.8375 0.875 0.2 0.25
17 0.9625 0.88359375 0.075 0.2296875