17 0.9109375 0.11640625 0.178125 0.1484375
17 0.91171875 0.2484375 0.1765625 0.12578125
17 0.6328125 0.24609375 0.17421875 0.1359375
17 0.4265625 0.2546875 0.1859375 0.13125
17 0.409375 0.146875 0.13125 0.08125
17 0.57890625 0.1625 0.11484375 0.0890625
17 0.0671875 0.5453125 0.13359375 0.18046875
17 0.184375 0.54140625 0.1109375 0.17734375
17 0.2859375 0.54453125 0.1453125 0.19140625
17 0.46328125 0.55546875 0.1578125 0.2125
17 0.61171875 0.54375 0.1390625 0.19140625
17 0.78203125 0.55703125 0.17421875 0.21875
17 0.9359375 0.55 0.128125 0.21875
17 0.090625 0.8078125 0.18046875 0.1375
17 0.08515625 0.93671875 0.1703125 0.1265625
17 0.27421875 0.803125 0.171875 0.128125
17 0.26640625 0.93359375 0.184375 0.13125
17 0.4671875 0.86875 0.18203125 0.2625
17 0.60234375 0.83984375 0.165625 0.2296875
17 0.76875 0.846875 0.16796875 0.23125
17 0.93125 0.91640625 0.1375 0.1671875