17 0.0671875 0.85859375 0.12109375 0.215625
17 0.165625 0.86015625 0.12421875 0.2203125
17 0.2765625 0.859375 0.11328125 0.23046875
17 0.3953125 0.74921875 0.12421875 0.16875
17 0.3953125 0.909375 0.10625 0.1421875
17 0.50703125 0.903125 0.11796875 0.15859375
17 0.5078125 0.7421875 0.12265625 0.1546875
17 0.6171875 0.7359375 0.12421875 0.16328125
17 0.753125 0.8375 0.13203125 0.321875
17 0.8390625 0.8140625 0.115625 0.2875
17 0.94453125 0.81875 0.1109375 0.30390625
17 0.96328125 0.446875 0.07265625 0.27109375
17 0.7484375 0.45625 0.1171875 0.26953125
17 0.83671875 0.453125 0.096875 0.246875
17 0.6078125 0.45859375 0.1125 0.24453125
17 0.44921875 0.4578125 0.1015625 0.240625
17 0.35234375 0.45703125 0.1 0.22265625
17 0.240625 0.45390625 0.11171875 0.26484375
17 0.125 0.45859375 0.11640625 0.2203125
17 0.03671875 0.4640625 0.07265625 0.27734375
17 0.88359375 0.07890625 0.12109375 0.1578125
17 0.740625 0.07734375 0.12578125 0.153125
17 0.396875 0.08828125 0.11796875 0.17109375
17 0.29609375 0.08359375 0.1109375 0.1671875
17 0.06171875 0.090625 0.0953125 0.16328125
17 0.1765625 0.0984375 0.1046875 0.18359375