23 0.125 0.06171875 0.25 0.12265625
23 0.42890625 0.08359375 0.3125 0.0625
23 0.80625 0.05390625 0.3875 0.1046875
23 0.07109375 0.34921875 0.1421875 0.1578125
23 0.06953125 0.51328125 0.1390625 0.1640625
23 0.3296875 0.33125 0.38828125 0.17109375
23 0.33203125 0.4984375 0.384375 0.15625
23 0.74375 0.3296875 0.403125 0.17109375
23 0.771875 0.49765625 0.45625 0.17578125
23 0.1046875 0.76015625 0.209375 0.17109375
23 0.74453125 0.76875 0.3765625 0.17265625
23 0.10703125 0.88671875 0.21328125 0.18515625
23 0.39140625 0.83828125 0.3234375 0.159375
23 0.7421875 0.92578125 0.384375 0.13984375