23 0.0640625 0.06796875 0.128125 0.13515625
23 0.23828125 0.07109375 0.20234375 0.14140625
23 0.446875 0.06796875 0.20703125 0.13515625
23 0.66171875 0.06796875 0.20078125 0.13515625
23 0.86640625 0.0734375 0.2109375 0.146875
23 0.0875 0.48125 0.1515625 0.128125
23 0.2671875 0.3546875 0.23046875 0.15703125
23 0.2734375 0.49765625 0.20859375 0.128125
23 0.4609375 0.36640625 0.1734375 0.11015625
23 0.4640625 0.48671875 0.1765625 0.12578125
23 0.63828125 0.36015625 0.184375 0.13046875
23 0.6578125 0.49296875 0.20546875 0.134375
23 0.80625 0.34765625 0.159375 0.121875
23 0.82265625 0.48125 0.12421875 0.1203125
23 0.9390625 0.35390625 0.1125 0.134375
23 0.94453125 0.4828125 0.1109375 0.146875
23 0.0859375 0.875 0.171875 0.1796875
23 0.2546875 0.87265625 0.18984375 0.1546875
23 0.3015625 0.75078125 0.22578125 0.11640625
23 0.4515625 0.865625 0.19453125 0.1734375
23 0.46171875 0.69609375 0.178125 0.12421875
23 0.64921875 0.74375 0.20390625 0.1140625
23 0.65703125 0.8703125 0.20390625 0.134375
23 0.78515625 0.76640625 0.14765625 0.134375