17 0.07890625 0.05234375 0.14453125 0.1046875
17 0.2140625 0.05234375 0.11796875 0.1046875
17 0.33203125 0.0515625 0.103125 0.10234375
17 0.44375 0.0515625 0.11796875 0.09765625
17 0.565625 0.0484375 0.11953125 0.096875
17 0.68671875 0.0453125 0.11953125 0.090625
17 0.80234375 0.04375 0.1171875 0.0875
17 0.9140625 0.046875 0.128125 0.09375
17 0.91484375 0.42421875 0.14296875 0.25078125
17 0.109375 0.43828125 0.11328125 0.23046875
17 0.22109375 0.4109375 0.13203125 0.29375
17 0.3375 0.43671875 0.1046875 0.23828125
17 0.46640625 0.44453125 0.0953125 0.2265625
17 0.5640625 0.44609375 0.0984375 0.21171875
17 0.6609375 0.4609375 0.0890625 0.19765625
17 0.20390625 0.84453125 0.10390625 0.2828125
17 0.32109375 0.85859375 0.12890625 0.28203125
17 0.453125 0.846875 0.10625 0.2796875
17 0.57265625 0.85546875 0.12109375 0.28828125
17 0.6796875 0.83984375 0.1109375 0.2609375