17 0.04453125 0.24765625 0.08828125 0.17578125
17 0.19296875 0.2609375 0.14296875 0.153125
17 0.33359375 0.2640625 0.14296875 0.146875
17 0.48203125 0.27421875 0.12109375 0.11796875
17 0.75390625 0.24453125 0.1703125 0.19140625
17 0.93046875 0.2453125 0.1390625 0.20234375
17 0.025 0.571875 0.05 0.2171875
17 0.1578125 0.5625 0.171875 0.19296875
17 0.3140625 0.56953125 0.14921875 0.20625
17 0.46640625 0.559375 0.13515625 0.18671875
17 0.70078125 0.57421875 0.16171875 0.215625
17 0.8171875 0.5609375 0.10078125 0.18984375
17 0.93828125 0.56875 0.1234375 0.18671875
17 0.1015625 0.9078125 0.18203125 0.184375
17 0.27265625 0.88984375 0.17578125 0.17578125
17 0.43203125 0.90859375 0.184375 0.1828125
17 0.609375 0.9078125 0.171875 0.184375
17 0.77890625 0.91015625 0.17578125 0.1796875
17 0.92734375 0.83046875 0.1453125 0.1375
17 0.9390625 0.94921875 0.121875 0.1015625