17 0.28984375 0.28984375 0.0984375 0.32421875
17 0.0875 0.171875 0.1734375 0.08984375
17 0.08984375 0.25546875 0.1796875 0.0859375
17 0.0890625 0.3375 0.171875 0.08125
17 0.09140625 0.4078125 0.1828125 0.06328125
17 0.090625 0.48828125 0.18125 0.08984375
17 0.36796875 0.28515625 0.05859375 0.30390625
17 0.434375 0.28046875 0.06484375 0.30234375
17 0.49765625 0.28828125 0.084375 0.30234375
17 0.653125 0.30703125 0.0796875 0.32265625
17 0.72265625 0.31015625 0.09375 0.3078125
17 0.7734375 0.31015625 0.09375 0.32421875
17 0.834375 0.31171875 0.1140625 0.31640625
17 0.90390625 0.3203125 0.09375 0.3046875
17 0.9578125 0.31875 0.084375 0.28125
3 0.07421875 0.896875 0.11328125 0.14609375
3 0.1015625 0.7703125 0.13203125 0.146875
3 0.1890625 0.91953125 0.0859375 0.1140625
3 0.2015625 0.80703125 0.0921875 0.1140625
3 0.21015625 0.68984375 0.0984375 0.09921875
3 0.03046875 0.7609375 0.05703125 0.1484375
3 0.2578125 0.8953125 0.11015625 0.13828125
3 0.2796875 0.7953125 0.1015625 0.109375
3 0.28203125 0.68984375 0.0875 0.115625
3 0.36953125 0.69921875 0.0734375 0.134375
3 0.36328125 0.79921875 0.0875 0.0890625
3 0.35390625 0.9 0.10625 0.140625
3 0.35625 0.90078125 0.0953125 0.14609375
3 0.44296875 0.89921875 0.090625 0.1421875
3 0.44375 0.796875 0.071875 0.07734375
3 0.53125 0.90078125 0.090625 0.13828125
3 0.515625 0.7890625 0.0828125 0.07734375
3 0.509375 0.7 0.0828125 0.12421875
3 0.4375 0.69921875 0.0890625 0.11015625
3 0.60703125 0.89921875 0.0890625 0.15859375
3 0.5984375 0.80625 0.0859375 0.09140625
3 0.590625 0.73359375 0.0859375 0.0890625
3 0.6859375 0.74453125 0.12109375 0.0953125
3 0.69609375 0.83671875 0.1078125 0.09140625
3 0.71171875 0.9296875 0.12890625 0.1140625
3 0.85078125 0.934375 0.15703125 0.13125
3 0.83125 0.834375 0.15703125 0.12421875
3 0.8140625 0.74609375 0.12890625 0.06875
3 0.93125 0.72578125 0.13671875 0.11796875
3 0.93984375 0.8296875 0.1203125 0.1421875
3 0.9390625 0.93359375 0.121875 0.10546875