3 0.865625 0.7671875 0.1890625 0.16875
3 0.88515625 0.921875 0.20390625 0.14609375
3 0.721875 0.80546875 0.165625 0.15859375
3 0.73046875 0.9375 0.12734375 0.125
3 0.58515625 0.93203125 0.1828125 0.13515625
3 0.56875 0.79609375 0.171875 0.17734375
3 0.39453125 0.78203125 0.165625 0.15703125
3 0.4125 0.92265625 0.18984375 0.15234375
3 0.2484375 0.95859375 0.13828125 0.08203125
3 0.25 0.85546875 0.13515625 0.1359375
3 0.26171875 0.74765625 0.13984375 0.134375
3 0.12578125 0.74609375 0.1640625 0.121875
3 0.12578125 0.8640625 0.1578125 0.1140625
3 0.10703125 0.96171875 0.1734375 0.07578125
17 0.95234375 0.321875 0.0953125 0.31640625
17 0.8546875 0.30390625 0.13359375 0.36484375
17 0.73515625 0.33671875 0.15234375 0.30390625
17 0.58984375 0.33984375 0.1125 0.33046875
17 0.51015625 0.3484375 0.11484375 0.29140625
17 0.4328125 0.33984375 0.1046875 0.31796875
17 0.38515625 0.33203125 0.0828125 0.30390625
17 0.32421875 0.340625 0.0984375 0.3203125
17 0.12734375 0.35703125 0.13671875 0.35703125
17 0.0609375 0.35625 0.11796875 0.30625