17 0.54140625 0.1125 0.2078125 0.225
17 0.69375 0.1078125 0.15 0.215625
17 0.309375 0.1734375 0.1921875 0.140625
17 0.1234375 0.18359375 0.18828125 0.1453125
17 0.97265625 0.4859375 0.0546875 0.234375
17 0.87734375 0.48125 0.1921875 0.25390625
17 0.70859375 0.49921875 0.1984375 0.24296875
17 0.51484375 0.49765625 0.15390625 0.209375
17 0.40625 0.51953125 0.1453125 0.2015625
17 0.31953125 0.51796875 0.14765625 0.2109375
17 0.20078125 0.509375 0.11015625 0.203125
17 0.05546875 0.4796875 0.1109375 0.18359375
3 0.1234375 0.96796875 0.17578125 0.06328125
3 0.12109375 0.89375 0.1921875 0.08515625
3 0.30859375 0.93671875 0.2640625 0.1265625
3 0.29765625 0.8234375 0.23515625 0.11171875
3 0.53671875 0.825 0.22265625 0.11796875
3 0.54453125 0.9359375 0.24921875 0.128125
3 0.7390625 0.83828125 0.23515625 0.14375
3 0.74296875 0.94453125 0.20234375 0.1109375
3 0.90625 0.81171875 0.1875 0.1359375
3 0.92109375 0.934375 0.1578125 0.13125
3 0.1328125 0.796875 0.17421875 0.09765625