26 0.0890625 0.4109375 0.1609375 0.2734375
26 0.20703125 0.23359375 0.12421875 0.159375
26 0.31796875 0.21875 0.12578125 0.15078125
26 0.31015625 0.42109375 0.153125 0.2609375
26 0.4375 0.4171875 0.12578125 0.23671875
26 0.54609375 0.4203125 0.12890625 0.23828125
26 0.66953125 0.3984375 0.14296875 0.2734375
26 0.81015625 0.40078125 0.14609375 0.24921875
26 0.95234375 0.37890625 0.0953125 0.2671875
26 0.07421875 0.89921875 0.1390625 0.2015625
26 0.1875 0.90234375 0.13828125 0.19453125
26 0.3125 0.88671875 0.12109375 0.1875
26 0.55078125 0.85703125 0.11953125 0.18125
26 0.6875 0.86640625 0.13671875 0.1953125
26 0.81875 0.8796875 0.14453125 0.234375
26 0.94296875 0.87734375 0.1140625 0.2015625
26 0.18984375 0.65078125 0.08125 0.13203125
26 0.28359375 0.65390625 0.103125 0.17109375
26 0.378125 0.66015625 0.096875 0.1875
26 0.47578125 0.65703125 0.0859375 0.16484375
26 0.5609375 0.65078125 0.09375 0.16484375
26 0.6640625 0.653125 0.1078125 0.1734375
26 0.76015625 0.64765625 0.0984375 0.1671875
26 0.86015625 0.6390625 0.1171875 0.16484375