26 0.06796875 0.1734375 0.1359375 0.10703125
26 0.20078125 0.17109375 0.1390625 0.11328125
26 0.3171875 0.18515625 0.171875 0.0875
26 0.14765625 0.3046875 0.1640625 0.16953125
26 0.2984375 0.31328125 0.14921875 0.17265625
26 0.4359375 0.3078125 0.14765625 0.1609375
26 0.5859375 0.29921875 0.1703125 0.16484375
26 0.7640625 0.29921875 0.1703125 0.17734375
26 0.06328125 0.45859375 0.08828125 0.10390625
26 0.15 0.46328125 0.11484375 0.09453125
26 0.2671875 0.46640625 0.1171875 0.09453125
26 0.38671875 0.46484375 0.0984375 0.09765625
26 0.5015625 0.465625 0.11484375 0.10234375
26 0.6140625 0.465625 0.12734375 0.10859375
26 0.73203125 0.46796875 0.12734375 0.10234375
26 0.85390625 0.46484375 0.12890625 0.121875
26 0.4421875 0.6203125 0.13515625 0.1359375
26 0.30234375 0.63828125 0.1453125 0.15703125
26 0.1609375 0.6375 0.12109375 0.16796875
26 0.59453125 0.63671875 0.14140625 0.16640625
26 0.7515625 0.63984375 0.15390625 0.16953125
26 0.903125 0.646875 0.15390625 0.18671875
26 0.08671875 0.82890625 0.171875 0.11015625
26 0.253125 0.85390625 0.1984375 0.11328125
26 0.44453125 0.87421875 0.1921875 0.1453125
26 0.6125 0.90078125 0.2234375 0.13125
26 0.86328125 0.93046875 0.25390625 0.13828125