26 0.06875 0.8859375 0.13671875 0.22734375
26 0.17265625 0.8859375 0.2390625 0.228125
26 0.31640625 0.90078125 0.175 0.1984375
26 0.503125 0.8984375 0.2328125 0.203125
26 0.07890625 0.51796875 0.0984375 0.19375
26 0.20625 0.49921875 0.15625 0.228125
26 0.3078125 0.484375 0.103125 0.23671875
26 0.42421875 0.4734375 0.12734375 0.2546875
26 0.5453125 0.4671875 0.15234375 0.25078125
2 0.2359375 0.20078125 0.20390625 0.1671875
2 0.44921875 0.17109375 0.2203125 0.18984375
2 0.24140625 0.06953125 0.20703125 0.1390625
2 0.68515625 0.890625 0.15390625 0.21875
2 0.85859375 0.90078125 0.18125 0.1984375
26 0.65625 0.12421875 0.20546875 0.21875
26 0.85390625 0.10234375 0.22421875 0.20390625
26 0.76171875 0.44296875 0.0921875 0.29140625
26 0.8296875 0.44609375 0.07734375 0.30234375
26 0.89296875 0.43984375 0.084375 0.30234375
26 0.9546875 0.4328125 0.0875 0.2796875