26 0.0875 0.0484375 0.17421875 0.096875
26 0.353125 0.04921875 0.3578125 0.0984375
26 0.69921875 0.05390625 0.33984375 0.1078125
26 0.93046875 0.0625 0.1390625 0.12421875
26 0.93046875 0.246875 0.1390625 0.1375
26 0.68515625 0.23046875 0.34765625 0.12265625
26 0.33359375 0.2234375 0.3515625 0.1359375
26 0.0828125 0.2109375 0.165625 0.121875
26 0.08125 0.3984375 0.1625 0.13125
26 0.3171875 0.40546875 0.34765625 0.1234375
26 0.66875 0.41328125 0.33515625 0.1296875
26 0.91953125 0.41796875 0.1609375 0.1203125
26 0.07421875 0.5640625 0.14765625 0.128125
26 0.071875 0.75 0.14375 0.11484375
26 0.0640625 0.9171875 0.12734375 0.1421875
26 0.3296875 0.57890625 0.33515625 0.1296875
26 0.31640625 0.74453125 0.3453125 0.1515625
26 0.2953125 0.91640625 0.36015625 0.13125
26 0.659375 0.58125 0.34140625 0.14375
26 0.65625 0.74921875 0.34375 0.13125
26 0.65078125 0.9171875 0.33125 0.1328125
26 0.925 0.5921875 0.15 0.1328125
26 0.91796875 0.759375 0.1640625 0.1328125
26 0.9109375 0.92734375 0.178125 0.1375