26 0.17734375 0.04296875 0.34375 0.0859375
26 0.49609375 0.04921875 0.328125 0.0984375
26 0.80546875 0.04296875 0.3515625 0.0859375
26 0.15625 0.17421875 0.3125 0.13125
26 0.46328125 0.17578125 0.328125 0.128125
26 0.790625 0.16640625 0.31953125 0.121875
26 0.16953125 0.33203125 0.32734375 0.121875
26 0.79609375 0.334375 0.33984375 0.128125
26 0.15390625 0.4890625 0.3078125 0.11875
26 0.46953125 0.48359375 0.290625 0.13125
26 0.78828125 0.49375 0.315625 0.128125
26 0.15234375 0.6484375 0.3046875 0.11875
26 0.4734375 0.64375 0.29921875 0.121875
26 0.77578125 0.63984375 0.3078125 0.125
26 0.15390625 0.7859375 0.3078125 0.125
26 0.4734375 0.77734375 0.315625 0.10625
26 0.4875 0.94140625 0.2953125 0.11640625
26 0.19140625 0.91484375 0.29921875 0.10625