26 0.06875 0.07421875 0.1375 0.146875
26 0.334375 0.07578125 0.43125 0.1515625
26 0.7546875 0.0890625 0.4171875 0.17109375
26 0.740625 0.30390625 0.40078125 0.159375
26 0.04765625 0.2875 0.09453125 0.1546875
26 0.3140625 0.29140625 0.41484375 0.1625
26 0.04921875 0.5046875 0.0984375 0.159375
26 0.3265625 0.4921875 0.41875 0.16796875
26 0.75625 0.51640625 0.396875 0.16171875
26 0.7375 0.7125 0.4109375 0.16171875
26 0.30703125 0.71171875 0.42890625 0.16953125
26 0.04453125 0.70625 0.08828125 0.16171875
26 0.27890625 0.93203125 0.4375 0.13515625
26 0.72890625 0.93203125 0.43125 0.13515625