26 0.14140625 0.12265625 0.2828125 0.209375
26 0.43046875 0.13828125 0.28671875 0.20625
26 0.70625 0.1515625 0.2703125 0.19140625
26 0.165625 0.37734375 0.29609375 0.19296875
26 0.4546875 0.384375 0.28671875 0.19140625
26 0.721875 0.40078125 0.2640625 0.18359375
26 0.93125 0.41171875 0.13671875 0.17734375
26 0.1609375 0.62578125 0.28671875 0.18359375
26 0.44296875 0.64296875 0.28046875 0.1734375
26 0.73125 0.64375 0.27578125 0.17890625
26 0.93203125 0.64765625 0.13515625 0.20390625
26 0.13828125 0.875 0.2765625 0.18828125
26 0.41796875 0.8875 0.30234375 0.1890625
26 0.69609375 0.89296875 0.2671875 0.1796875
26 0.91796875 0.8953125 0.1640625 0.16875