26 0.09140625 0.06015625 0.1828125 0.11953125
26 0.28984375 0.06953125 0.2015625 0.1390625
26 0.478125 0.0703125 0.184375 0.140625
26 0.6671875 0.0765625 0.190625 0.153125
26 0.8609375 0.08046875 0.184375 0.1609375
26 0.17578125 0.22109375 0.3171875 0.10703125
26 0.5 0.24140625 0.3046875 0.12421875
26 0.81171875 0.25546875 0.29453125 0.11796875
26 0.15703125 0.3921875 0.31328125 0.1375
26 0.78203125 0.4078125 0.296875 0.13125
26 0.15703125 0.55625 0.31328125 0.121875
26 0.48046875 0.56171875 0.3234375 0.1265625
26 0.8078125 0.56796875 0.31875 0.1296875
26 0.1625 0.73125 0.325 0.134375
26 0.49375 0.7328125 0.32109375 0.125
26 0.81484375 0.73203125 0.31328125 0.1203125
26 0.1359375 0.9125 0.271875 0.125
26 0.46015625 0.90703125 0.34375 0.1375
26 0.8015625 0.915625 0.3234375 0.1265625