26 0.109375 0.72578125 0.21875 0.1609375
26 0.37890625 0.72578125 0.36796875 0.1234375
26 0.7390625 0.72734375 0.3578125 0.1390625
26 0.0890625 0.53984375 0.178125 0.1265625
26 0.36953125 0.53828125 0.3453125 0.11640625
26 0.71796875 0.54609375 0.34375 0.1203125
26 0.95859375 0.7359375 0.08203125 0.15
26 0.94921875 0.54921875 0.1015625 0.1265625
26 0.94375 0.3890625 0.1125 0.10546875
26 0.7171875 0.3765625 0.3453125 0.1234375
26 0.36953125 0.3671875 0.3453125 0.11171875
26 0.9140625 0.18515625 0.171875 0.17578125
26 0.7375 0.1453125 0.21875 0.26171875
26 0.53984375 0.146875 0.20078125 0.25546875
26 0.3390625 0.1390625 0.21484375 0.26171875
26 0.12578125 0.1328125 0.2125 0.265625