26 0.05859375 0.14921875 0.1171875 0.19609375
26 0.38515625 0.18203125 0.2546875 0.1546875
26 0.63125 0.19765625 0.23203125 0.153125
26 0.86015625 0.2203125 0.22421875 0.140625
26 0.1203125 0.38984375 0.240625 0.1640625
26 0.37734375 0.39375 0.2453125 0.16953125
26 0.63359375 0.4171875 0.2390625 0.175
26 0.87265625 0.4296875 0.2421875 0.15078125
26 0.13046875 0.6234375 0.2609375 0.18359375
26 0.38515625 0.6296875 0.2640625 0.1671875
26 0.64921875 0.62578125 0.253125 0.15859375
26 0.88203125 0.63828125 0.2359375 0.1578125
26 0.1203125 0.88046875 0.240625 0.1953125
26 0.3828125 0.871875 0.26875 0.16484375
26 0.6359375 0.86640625 0.240625 0.18359375
26 0.89140625 0.87890625 0.21640625 0.19140625