26 0.05234375 0.1421875 0.1046875 0.13046875
26 0.2921875 0.1421875 0.3375 0.12109375
26 0.67734375 0.13203125 0.36015625 0.12265625
26 0.2765625 0.32578125 0.3640625 0.1328125
26 0.6578125 0.32109375 0.3703125 0.1234375
26 0.296875 0.51328125 0.38828125 0.134375
26 0.68515625 0.5078125 0.38046875 0.1203125
26 0.2890625 0.71640625 0.37578125 0.1390625
26 0.6859375 0.70546875 0.390625 0.1421875
26 0.0484375 0.31953125 0.096875 0.1359375
26 0.053125 0.515625 0.10625 0.140625
26 0.04921875 0.70625 0.0984375 0.140625
26 0.70546875 0.9125 0.3859375 0.1515625
26 0.2890625 0.915625 0.38984375 0.1515625
26 0.046875 0.90546875 0.09375 0.15