26 0.178125 0.06875 0.35625 0.1375
26 0.53828125 0.06328125 0.3671875 0.1265625
26 0.865625 0.07109375 0.26875 0.14140625
26 0.178125 0.3546875 0.35546875 0.24296875
26 0.52421875 0.34765625 0.334375 0.21171875
26 0.85 0.33984375 0.29921875 0.21171875
26 0.21953125 0.64609375 0.309375 0.18359375
26 0.5390625 0.6359375 0.30859375 0.20390625
26 0.853125 0.634375 0.29296875 0.18125
26 0.83828125 0.8828125 0.29921875 0.1671875
26 0.52734375 0.89609375 0.29765625 0.17734375
26 0.22578125 0.91015625 0.315625 0.17265625
26 0.03828125 0.91484375 0.0765625 0.1703125