26 0.16875 0.246875 0.2484375 0.0671875
26 0.15703125 0.303125 0.26640625 0.0609375
26 0.1546875 0.3703125 0.2625 0.06484375
26 0.43984375 0.25625 0.246875 0.0484375
26 0.44140625 0.30703125 0.246875 0.0609375
26 0.4375 0.36953125 0.2703125 0.05859375
26 0.6390625 0.28359375 0.1296875 0.30390625
26 0.7484375 0.28828125 0.11015625 0.27734375
26 0.85234375 0.28359375 0.1875 0.3
26 0.57109375 0.9375 0.3265625 0.1140625
26 0.8484375 0.859375 0.28984375 0.07109375
26 0.8 0.7953125 0.2546875 0.05703125
26 0.559375 0.86015625 0.28046875 0.0890625
26 0.540625 0.790625 0.240625 0.05703125
26 0.86953125 0.95078125 0.2453125 0.07109375
26 0.53359375 0.74375 0.21796875 0.04453125
26 0.76796875 0.7390625 0.2484375 0.05078125
2 0.20390625 0.8953125 0.4078125 0.209375
2 0.225 0.709375 0.36015625 0.1546875