26 0.159375 0.521875 0.31875 0.196875
26 0.48515625 0.51953125 0.315625 0.19609375
26 0.8171875 0.5203125 0.31328125 0.20625
26 0.8125 0.23125 0.3375 0.2125
26 0.4875 0.22109375 0.340625 0.23671875
26 0.153125 0.21328125 0.30546875 0.2609375
26 0.51171875 0.8921875 0.30234375 0.10390625
26 0.5078125 0.9671875 0.31875 0.065625
26 0.1828125 0.89609375 0.309375 0.09140625
26 0.16484375 0.96640625 0.3296875 0.065625
26 0.7453125 0.73359375 0.2359375 0.0484375
26 0.75390625 0.77890625 0.23515625 0.0359375
26 0.76015625 0.82265625 0.20859375 0.03828125
26 0.496875 0.80390625 0.28515625 0.0953125
26 0.215625 0.7859375 0.27734375 0.07890625