16 0.06796875 0.13125 0.13515625 0.2625
16 0.3109375 0.13359375 0.29453125 0.2671875
16 0.5890625 0.1375 0.26171875 0.27421875
16 0.8609375 0.1421875 0.278125 0.28359375
16 0.07734375 0.515625 0.15390625 0.2953125
16 0.30078125 0.51875 0.27421875 0.2734375
16 0.5734375 0.52109375 0.27578125 0.278125
16 0.825 0.521875 0.2390625 0.26796875
16 0.04296875 0.88984375 0.0859375 0.2171875
16 0.18125 0.88515625 0.23125 0.22890625
16 0.3875 0.88203125 0.215625 0.2359375
16 0.5640625 0.87734375 0.175 0.2453125
16 0.7515625 0.87890625 0.2 0.2421875
16 0.909375 0.8703125 0.18125 0.259375