16 0.16484375 0.1109375 0.3015625 0.221875
16 0.4625 0.10234375 0.3234375 0.20390625
16 0.81171875 0.08828125 0.33984375 0.1765625
16 0.0671875 0.47734375 0.13359375 0.2984375
16 0.24453125 0.48515625 0.27578125 0.3015625
16 0.51640625 0.46484375 0.31328125 0.32734375
16 0.8328125 0.4578125 0.334375 0.325
16 0.06171875 0.859375 0.1234375 0.24765625
16 0.1921875 0.8703125 0.22265625 0.24453125
16 0.37578125 0.87578125 0.2203125 0.2484375
16 0.58671875 0.87421875 0.20859375 0.2515625
16 0.79453125 0.87421875 0.23125 0.2515625
16 0.95234375 0.88046875 0.0953125 0.2359375