14 0.034375 0.20234375 0.06875 0.4046875
14 0.11953125 0.20234375 0.10859375 0.4046875
14 0.225 0.2015625 0.12109375 0.403125
14 0.3296875 0.20234375 0.1046875 0.4046875
14 0.43984375 0.20546875 0.12734375 0.4109375
14 0.53984375 0.20234375 0.1078125 0.4046875
14 0.64921875 0.20234375 0.10625 0.4046875
14 0.74375 0.20703125 0.125 0.4140625
14 0.8640625 0.20546875 0.12109375 0.4109375
14 0.96171875 0.203125 0.0765625 0.40625
14 0.03671875 0.7484375 0.0734375 0.5
14 0.1484375 0.7515625 0.1515625 0.496875
14 0.2828125 0.753125 0.13125 0.49375
14 0.4125 0.75234375 0.12265625 0.49453125
14 0.5359375 0.74921875 0.12734375 0.50078125
14 0.65234375 0.74453125 0.109375 0.4796875
14 0.78203125 0.8 0.0984375 0.4
14 0.88203125 0.8046875 0.10625 0.390625
14 0.96796875 0.815625 0.06328125 0.36796875