14 0.07734375 0.23359375 0.15390625 0.3828125
14 0.22421875 0.228125 0.1328125 0.365625
14 0.3671875 0.12109375 0.165625 0.1640625
14 0.51171875 0.23046875 0.12265625 0.35859375
14 0.615625 0.203125 0.17578125 0.40625
14 0.7421875 0.23046875 0.1515625 0.35859375
14 0.87109375 0.21796875 0.1640625 0.3953125
14 0.96640625 0.2109375 0.0671875 0.3625
14 0.0515625 0.75625 0.103125 0.35078125
14 0.17890625 0.753125 0.1515625 0.36875
14 0.31953125 0.76796875 0.1640625 0.33671875
14 0.4546875 0.7578125 0.15546875 0.35390625
14 0.61484375 0.7359375 0.165625 0.39765625
14 0.7859375 0.73046875 0.178125 0.41796875
14 0.94296875 0.7296875 0.1140625 0.3921875