14 0.0625 0.24453125 0.125 0.2515625
14 0.15078125 0.23984375 0.13671875 0.25234375
14 0.24765625 0.22890625 0.14296875 0.25703125
14 0.36171875 0.22109375 0.14921875 0.26328125
14 0.47265625 0.19375 0.14296875 0.3
14 0.60546875 0.16953125 0.14375 0.3203125
14 0.75859375 0.165625 0.16015625 0.309375
14 0.915625 0.15390625 0.16796875 0.3078125
14 0.1078125 0.571875 0.18203125 0.26640625
14 0.2296875 0.56796875 0.16796875 0.26796875
14 0.36875 0.53671875 0.1390625 0.25078125
14 0.47890625 0.55234375 0.0984375 0.196875
14 0.5546875 0.5765625 0.14375 0.2203125
14 0.6515625 0.559375 0.10859375 0.2171875
14 0.74765625 0.54765625 0.12109375 0.215625
14 0.87421875 0.5671875 0.14140625 0.23828125
14 0.9625 0.56171875 0.075 0.2484375
14 0.06796875 0.8765625 0.1359375 0.2171875
14 0.1765625 0.87578125 0.14296875 0.221875
14 0.30625 0.83515625 0.1328125 0.159375
14 0.40859375 0.8296875 0.10078125 0.1453125
14 0.4984375 0.865625 0.1375 0.2171875
14 0.728125 0.859375 0.1515625 0.25703125
14 0.84453125 0.86171875 0.1390625 0.25859375
14 0.94609375 0.85546875 0.1078125 0.2671875