14 0.925 0.7921875 0.14921875 0.41484375
14 0.8484375 0.75234375 0.090625 0.3140625
14 0.74453125 0.74609375 0.090625 0.3140625
14 0.653125 0.7421875 0.0859375 0.321875
14 0.60390625 0.79453125 0.0984375 0.4109375
14 0.50390625 0.77421875 0.103125 0.39609375
14 0.4078125 0.7859375 0.12578125 0.41484375
14 0.28203125 0.7859375 0.11171875 0.42734375
14 0.178125 0.77890625 0.12890625 0.41171875
14 0.06796875 0.78828125 0.13515625 0.4234375
14 0.95546875 0.25078125 0.0890625 0.4671875
14 0.85859375 0.2546875 0.1328125 0.45078125
14 0.77890625 0.2671875 0.08515625 0.4265625
14 0.70703125 0.2390625 0.0921875 0.478125
14 0.63203125 0.2375 0.07421875 0.47421875
14 0.5484375 0.2328125 0.08125 0.465625
14 0.4671875 0.24921875 0.071875 0.45234375
14 0.38984375 0.24453125 0.09140625 0.46328125
14 0.30234375 0.23984375 0.0828125 0.46640625
14 0.2234375 0.24453125 0.075 0.45859375
14 0.13984375 0.2796875 0.09453125 0.434375
14 0.04296875 0.265625 0.0859375 0.415625