14 0.8265625 0.29765625 0.0921875 0.4515625
14 0.7453125 0.30859375 0.05546875 0.4203125
14 0.6796875 0.30078125 0.0953125 0.440625
14 0.5171875 0.28359375 0.11328125 0.46796875
14 0.4328125 0.28828125 0.0859375 0.44921875
14 0.3390625 0.27734375 0.08828125 0.4796875
14 0.196875 0.3234375 0.0796875 0.37578125
14 0.1078125 0.32109375 0.0796875 0.3796875
14 0.03359375 0.31640625 0.0671875 0.3890625
14 0.02578125 0.85546875 0.05078125 0.2890625
14 0.0796875 0.828125 0.08125 0.34375
14 0.14140625 0.825 0.09140625 0.35
14 0.21640625 0.8328125 0.0828125 0.33359375
14 0.2890625 0.8328125 0.078125 0.33359375
14 0.378125 0.815625 0.09296875 0.36875
14 0.48984375 0.8171875 0.0921875 0.365625
14 0.653125 0.81953125 0.0828125 0.340625
14 0.55859375 0.821875 0.0609375 0.35625
14 0.74765625 0.81953125 0.1015625 0.3609375
14 0.8640625 0.8125 0.115625 0.37421875
14 0.9640625 0.815625 0.07109375 0.36796875
14 0.590625 0.3140625 0.07265625 0.41015625
14 0.8953125 0.31484375 0.06640625 0.39765625
14 0.965625 0.3171875 0.06875 0.4140625