14 0.09609375 0.11171875 0.1015625 0.2234375
14 0.2046875 0.11171875 0.121875 0.2234375
14 0.3328125 0.1109375 0.10625 0.221875
14 0.4375 0.1109375 0.10625 0.221875
14 0.54375 0.11015625 0.10625 0.2203125
14 0.671875 0.10859375 0.1375 0.2171875
14 0.8078125 0.10703125 0.14375 0.21328125
14 0.9390625 0.47734375 0.121875 0.3359375
14 0.80234375 0.49375 0.12109375 0.309375
14 0.69296875 0.49921875 0.13125 0.2984375
14 0.59296875 0.503125 0.12265625 0.3
14 0.4828125 0.5109375 0.11484375 0.2984375
14 0.3703125 0.51953125 0.10625 0.296875
14 0.23359375 0.5203125 0.10234375 0.2984375
14 0.04765625 0.49375 0.09453125 0.303125
14 0.13671875 0.49375 0.1046875 0.3125
14 0.95859375 0.85859375 0.0828125 0.2828125
14 0.865625 0.85703125 0.1453125 0.2859375
14 0.7328125 0.86640625 0.13359375 0.2671875
14 0.61171875 0.86796875 0.13125 0.2640625
14 0.4890625 0.86875 0.12734375 0.2625
14 0.36875 0.87265625 0.12734375 0.2546875
14 0.23203125 0.87265625 0.13125 0.2546875
14 0.0609375 0.87265625 0.12109375 0.2546875