14 0.04609375 0.36328125 0.0921875 0.49609375
14 0.1359375 0.353125 0.14609375 0.5078125
14 0.25859375 0.33125 0.13984375 0.5265625
14 0.38046875 0.29140625 0.14453125 0.58203125
14 0.4765625 0.27890625 0.13359375 0.5578125
14 0.5890625 0.2765625 0.11875 0.553125
14 0.70546875 0.2671875 0.12890625 0.534375
14 0.81640625 0.2609375 0.1046875 0.521875
14 0.88125 0.24765625 0.06796875 0.49296875
14 0.928125 0.79921875 0.115625 0.40078125
14 0.8078125 0.8109375 0.12578125 0.3671875
14 0.68125 0.815625 0.10625 0.34296875
14 0.59296875 0.83046875 0.11875 0.33671875
14 0.4765625 0.8421875 0.12734375 0.31484375
14 0.35390625 0.853125 0.1234375 0.29375
14 0.24140625 0.86328125 0.11015625 0.2734375
14 0.13828125 0.86875 0.11953125 0.2625