14 0.9296875 0.2359375 0.13984375 0.4046875
14 0.790625 0.23203125 0.14296875 0.4
14 0.6515625 0.2265625 0.14296875 0.4078125
14 0.5140625 0.225 0.13671875 0.41328125
14 0.38125 0.225 0.1328125 0.41328125
14 0.7921875 0.7359375 0.1265625 0.39375
14 0.89765625 0.71171875 0.08359375 0.36640625
14 0.65234375 0.73828125 0.14609375 0.3890625
14 0.4953125 0.73828125 0.13984375 0.3890625
14 0.36015625 0.72421875 0.12109375 0.36328125
14 0.221875 0.74140625 0.14765625 0.3875
14 0.06328125 0.74375 0.1265625 0.3875
14 0.06328125 0.246875 0.1265625 0.35