14 0.70859375 0.775 0.1203125 0.45
14 0.596875 0.77890625 0.11953125 0.44140625
14 0.490625 0.7828125 0.12890625 0.4328125
14 0.3828125 0.79296875 0.128125 0.4140625
14 0.27578125 0.79609375 0.1359375 0.4078125
14 0.05078125 0.80859375 0.1015625 0.3828125
14 0.0828125 0.28125 0.11484375 0.39375
14 0.1765625 0.2640625 0.0984375 0.4
14 0.28125 0.26171875 0.11015625 0.4078125
14 0.403125 0.2640625 0.109375 0.3921875
14 0.5375 0.246875 0.10625 0.4265625
14 0.6453125 0.2375 0.1046875 0.42421875
14 0.74609375 0.23359375 0.1 0.4203125
14 0.8515625 0.221875 0.10625 0.4265625
14 0.9546875 0.20625 0.090625 0.4125
14 0.89453125 0.69765625 0.115625 0.353125