3 0.12734375 0.225 0.090625 0.20390625
3 0.021875 0.12890625 0.04296875 0.1390625
3 0.06953125 0.13203125 0.05859375 0.128125
3 0.121875 0.071875 0.0828125 0.14375
3 0.2046875 0.06796875 0.0890625 0.13515625
3 0.28125 0.06640625 0.09375 0.1328125
3 0.3671875 0.06953125 0.0875 0.1390625
3 0.43984375 0.071875 0.09375 0.14375
3 0.53359375 0.065625 0.1046875 0.13125
3 0.63203125 0.05859375 0.0953125 0.1171875
3 0.7265625 0.0578125 0.0984375 0.11484375
3 0.7328125 0.19453125 0.0984375 0.1875
3 0.6296875 0.2 0.096875 0.16953125
3 0.5328125 0.2078125 0.109375 0.19765625
3 0.45078125 0.23125 0.0921875 0.2078125
3 0.37109375 0.2265625 0.0734375 0.18984375
3 0.28984375 0.23125 0.0828125 0.19609375
3 0.20625 0.23359375 0.0875 0.2125
3 0.91484375 0.43984375 0.1703125 0.3171875
3 0.7515625 0.4421875 0.165625 0.32265625
3 0.5921875 0.446875 0.159375 0.32421875
3 0.0453125 0.38671875 0.090625 0.19140625
3 0.1234375 0.36953125 0.0734375 0.140625
3 0.16640625 0.37109375 0.05703125 0.1203125
3 0.90390625 0.7421875 0.1578125 0.33046875
3 0.74296875 0.75234375 0.1703125 0.334375
3 0.5875 0.7546875 0.16328125 0.33203125
3 0.4359375 0.5515625 0.175 0.24453125
3 0.27421875 0.54609375 0.1734375 0.26484375
3 0.15390625 0.52578125 0.11015625 0.19140625
3 0.04453125 0.5671875 0.0890625 0.1875
3 0.4296875 0.79296875 0.153125 0.26484375
3 0.2734375 0.79765625 0.165625 0.27109375
3 0.103125 0.7828125 0.175 0.29765625