3 0.875 0.0984375 0.096875 0.1875
3 0.75234375 0.0921875 0.0890625 0.184375
3 0.8796875 0.28203125 0.11953125 0.17109375
3 0.7484375 0.2671875 0.1046875 0.16953125
3 0.66640625 0.11328125 0.084375 0.18359375
3 0.66796875 0.2703125 0.075 0.1546875
3 0.59140625 0.2703125 0.078125 0.16328125
3 0.51171875 0.25390625 0.096875 0.1875
3 0.425 0.253125 0.0828125 0.16953125
3 0.34921875 0.2546875 0.078125 0.140625
3 0.26796875 0.25 0.09375 0.1671875
3 0.18046875 0.246875 0.090625 0.16484375
3 0.040625 0.15703125 0.08125 0.3140625
3 0.94140625 0.65 0.1171875 0.24453125
3 0.94609375 0.875 0.1078125 0.25
3 0.84296875 0.64609375 0.1015625 0.2203125
3 0.8515625 0.878125 0.103125 0.24375
3 0.7546875 0.87890625 0.1109375 0.24140625
3 0.746875 0.646875 0.1140625 0.21796875
3 0.65 0.65 0.0984375 0.23203125
3 0.5546875 0.6375 0.09375 0.21171875
3 0.653125 0.86875 0.0890625 0.2484375
3 0.55078125 0.86953125 0.1078125 0.2609375
3 0.46015625 0.64375 0.0953125 0.20390625
3 0.4546875 0.86328125 0.096875 0.234375
3 0.340625 0.859375 0.0984375 0.25078125
3 0.3515625 0.63359375 0.0953125 0.21171875
3 0.2484375 0.62734375 0.0921875 0.21640625
3 0.23359375 0.865625 0.1046875 0.2421875
3 0.12734375 0.865625 0.10859375 0.23828125
3 0.14296875 0.6328125 0.1015625 0.21796875