3 0.15390625 0.12421875 0.184375 0.246875
3 0.325 0.13125 0.178125 0.26171875
3 0.51171875 0.1296875 0.19453125 0.25859375
3 0.67421875 0.128125 0.15625 0.25625
3 0.85 0.12734375 0.20703125 0.25390625
3 0.02890625 0.6578125 0.05703125 0.27734375
3 0.1328125 0.66640625 0.1453125 0.3015625
3 0.28515625 0.6625 0.1546875 0.29375
3 0.43203125 0.6546875 0.1546875 0.2875
3 0.728125 0.67734375 0.12265625 0.275
3 0.8546875 0.66953125 0.11796875 0.246875
3 0.571875 0.6359375 0.0859375 0.19140625
3 0.8578125 0.890625 0.12734375 0.21875
3 0.7359375 0.890625 0.13203125 0.21875
3 0.5828125 0.8953125 0.13828125 0.20859375
3 0.4359375 0.89453125 0.14453125 0.2109375
3 0.28515625 0.8921875 0.15 0.21484375
3 0.14140625 0.89765625 0.153125 0.2046875
3 0.03203125 0.89921875 0.0640625 0.2015625