3 0.73828125 0.5421875 0.39296875 0.059375
3 0.7328125 0.603125 0.390625 0.08359375
3 0.74296875 0.6546875 0.36640625 0.08828125
3 0.75078125 0.7125 0.36015625 0.0765625
3 0.75546875 0.77265625 0.35390625 0.09140625
3 0.7671875 0.83046875 0.36015625 0.09140625
3 0.5015625 0.6703125 0.0984375 0.11484375
3 0.421875 0.6671875 0.10234375 0.11171875
3 0.34296875 0.67734375 0.09609375 0.10390625
3 0.2703125 0.67421875 0.09453125 0.11015625
3 0.184375 0.675 0.10234375 0.10859375
3 0.0671875 0.68515625 0.13359375 0.121875
3 0.6875 0.23984375 0.28203125 0.1390625
3 0.36875 0.234375 0.31484375 0.1484375
3 0.09375 0.23671875 0.18203125 0.1359375
3 0.103125 0.1453125 0.2046875 0.0625
3 0.8390625 0.11015625 0.21484375 0.1453125
3 0.87734375 0.246875 0.12734375 0.12265625
3 0.97578125 0.109375 0.0484375 0.1625
3 0.97109375 0.24609375 0.0578125 0.1296875