3 0.17109375 0.34453125 0.3421875 0.15703125
3 0.1703125 0.23828125 0.340625 0.1125
3 0.42109375 0.35078125 0.159375 0.15390625
3 0.58828125 0.33515625 0.1765625 0.19375
15 0.440625 0.6546875 0.19140625 0.2390625
15 0.63203125 0.65390625 0.171875 0.22890625
15 0.8046875 0.65625 0.184375 0.23671875
15 0.82421875 0.8796875 0.1921875 0.240625
15 0.64921875 0.884375 0.1890625 0.23125
15 0.4578125 0.8875 0.20078125 0.225
15 0.26953125 0.8796875 0.1859375 0.240625
15 0.0890625 0.87421875 0.1734375 0.2515625
3 0.7203125 0.3375 0.0796875 0.17109375
3 0.80625 0.33046875 0.0890625 0.2140625
3 0.9 0.32421875 0.1015625 0.2265625
3 0.96953125 0.33984375 0.06015625 0.20390625