3 0.11484375 0.140625 0.2296875 0.10546875
3 0.35234375 0.140625 0.20859375 0.10234375
3 0.12421875 0.06484375 0.2484375 0.0703125
3 0.57265625 0.1203125 0.24140625 0.1375
3 0.7484375 0.12578125 0.10625 0.11953125
3 0.84921875 0.103125 0.12109375 0.15
3 0.95234375 0.08984375 0.0953125 0.1703125
15 0.3796875 0.35234375 0.271875 0.16796875
15 0.625 0.3515625 0.24375 0.17109375
15 0.85390625 0.35390625 0.24375 0.1625
15 0.17578125 0.51640625 0.2265625 0.153125
15 0.4125 0.51640625 0.23515625 0.15
15 0.63984375 0.5140625 0.22890625 0.1515625
15 0.871875 0.5125 0.2390625 0.16640625
3 0.5921875 0.90390625 0.2453125 0.15
3 0.3453125 0.89921875 0.240625 0.146875
3 0.86484375 0.9578125 0.2515625 0.08359375
3 0.3828125 0.79375 0.165625 0.0796875