3 0.903125 0.7796875 0.18359375 0.10390625
3 0.9078125 0.84140625 0.184375 0.1046875
3 0.71875 0.84296875 0.18828125 0.1125
3 0.7421875 0.7109375 0.15078125 0.07890625
3 0.80703125 0.67109375 0.1328125 0.06953125
3 0.675 0.675 0.128125 0.0640625
3 0.55703125 0.671875 0.1203125 0.06484375
3 0.53671875 0.78203125 0.18125 0.10703125
3 0.53515625 0.84609375 0.18359375 0.1015625
3 0.328125 0.6046875 0.17578125 0.078125
3 0.33359375 0.66875 0.175 0.07421875
3 0.33203125 0.728125 0.1765625 0.08359375
3 0.31875 0.790625 0.17890625 0.09296875
3 0.32734375 0.8453125 0.17578125 0.10546875
3 0.13203125 0.6140625 0.1890625 0.0828125
3 0.12734375 0.671875 0.1859375 0.0890625
3 0.13359375 0.734375 0.18359375 0.0984375
3 0.14375 0.79140625 0.18046875 0.103125
3 0.1515625 0.8515625 0.18046875 0.09765625