3 0.090625 0.29140625 0.18125 0.1203125
3 0.0984375 0.171875 0.1953125 0.12890625
3 0.31953125 0.25703125 0.1609375 0.14296875
3 0.5171875 0.25234375 0.153125 0.15078125
3 0.675 0.26953125 0.14140625 0.1125
3 0.83515625 0.2453125 0.1796875 0.15390625
3 0.065625 0.60625 0.13125 0.1375
3 0.19296875 0.59921875 0.121875 0.16328125
3 0.33515625 0.590625 0.1765625 0.1796875
3 0.47109375 0.59921875 0.06171875 0.19609375
3 0.5421875 0.58046875 0.090625 0.19921875
3 0.621875 0.58359375 0.08125 0.20625
3 0.72734375 0.59453125 0.12109375 0.2
15 0.18515625 0.8921875 0.1671875 0.21484375
15 0.35390625 0.89609375 0.16640625 0.2078125
15 0.52578125 0.89765625 0.165625 0.2046875
3 0.07265625 0.50703125 0.1453125 0.1078125