20 0.18828125 0.23515625 0.37578125 0.31015625
20 0.56171875 0.2453125 0.35234375 0.3140625
20 0.8703125 0.26328125 0.259375 0.2921875
20 0.09296875 0.81328125 0.1859375 0.3734375
20 0.21875 0.934375 0.078125 0.13125
20 0.29140625 0.9359375 0.0671875 0.128125
20 0.36328125 0.9375 0.075 0.125
20 0.43828125 0.93828125 0.071875 0.1234375
20 0.5109375 0.93828125 0.0796875 0.1234375
20 0.59296875 0.92578125 0.0734375 0.1484375
20 0.66796875 0.93203125 0.07265625 0.13515625
20 0.734375 0.92578125 0.0625 0.1484375
20 0.803125 0.9296875 0.0828125 0.12578125
20 0.87890625 0.92890625 0.07265625 0.1203125
20 0.57890625 0.73359375 0.075 0.13828125
20 0.64296875 0.7375 0.06328125 0.13046875
20 0.70625 0.73203125 0.06015625 0.13828125
20 0.765625 0.73359375 0.06953125 0.146875
20 0.83125 0.7375 0.06484375 0.13046875
20 0.9625 0.9203125 0.07421875 0.1484375