20 0.05625 0.4359375 0.1125 0.178125
20 0.67890625 0.76796875 0.2 0.18515625
20 0.40546875 0.41875 0.20078125 0.2015625
20 0.55859375 0.07421875 0.384375 0.0953125
20 0.86796875 0.0625 0.2640625 0.09375
20 0.5546875 0.48359375 0.0984375 0.08359375
20 0.6421875 0.48203125 0.078125 0.078125
20 0.71953125 0.478125 0.06953125 0.0796875
20 0.80078125 0.4796875 0.0796875 0.0828125
20 0.8859375 0.475 0.084375 0.0765625
20 0.925 0.39296875 0.07578125 0.06875
20 0.96953125 0.47109375 0.0609375 0.0828125
20 0.146875 0.78125 0.20234375 0.18671875
20 0.153125 0.92578125 0.1984375 0.14765625
20 0.3359375 0.76875 0.17578125 0.16328125
20 0.334375 0.921875 0.178125 0.15625
20 0.503125 0.75546875 0.171875 0.159375
20 0.51171875 0.9015625 0.1796875 0.16015625
20 0.19765625 0.434375 0.20703125 0.18671875
20 0.68828125 0.915625 0.1890625 0.16875
20 0.84609375 0.67421875 0.18828125 0.14375
20 0.8375 0.83125 0.18203125 0.19140625