20 0.1375 0.89375 0.2125 0.2125
20 0.334375 0.859375 0.19453125 0.2078125
20 0.51484375 0.89921875 0.2109375 0.19609375
20 0.71796875 0.89921875 0.2125 0.2015625
20 0.89921875 0.8828125 0.2015625 0.234375
20 0.90625 0.52265625 0.1875 0.2359375
20 0.7078125 0.52109375 0.225 0.2171875
20 0.4984375 0.52109375 0.2109375 0.2234375
20 0.29609375 0.52421875 0.21484375 0.2171875
20 0.0921875 0.53359375 0.184375 0.2359375
20 0.08984375 0.18046875 0.1796875 0.2109375
20 0.2875 0.17890625 0.2359375 0.21015625
20 0.51953125 0.1765625 0.22109375 0.2078125
20 0.74921875 0.1703125 0.2125 0.2109375
20 0.92734375 0.171875 0.1453125 0.209375