22 0.9171875 0.55703125 0.165625 0.2609375
22 0.9171875 0.8109375 0.165625 0.26875
22 0.75078125 0.5546875 0.15234375 0.2546875
22 0.75703125 0.81015625 0.1671875 0.2671875
22 0.58671875 0.54765625 0.1546875 0.2484375
22 0.5828125 0.80078125 0.1625 0.26484375
22 0.42421875 0.553125 0.1609375 0.259375
22 0.428125 0.81328125 0.165625 0.29765625
22 0.26640625 0.55546875 0.1484375 0.25078125
22 0.2703125 0.8125 0.15625 0.275
22 0.10546875 0.5578125 0.1671875 0.24453125
22 0.1109375 0.8140625 0.16875 0.2671875
22 0.690625 0.171875 0.13984375 0.22421875
22 0.55546875 0.17421875 0.13515625 0.2203125
22 0.415625 0.15078125 0.15078125 0.2796875
22 0.26171875 0.153125 0.1546875 0.2671875
22 0.11015625 0.1515625 0.1671875 0.26953125