21 0.14375 0.24375 0.171875 0.26640625
21 0.43671875 0.24140625 0.1578125 0.28046875
21 0.32109375 0.25703125 0.11875 0.234375
21 0.6515625 0.22890625 0.178125 0.284375
21 0.8015625 0.2390625 0.14765625 0.25390625
21 0.9421875 0.2359375 0.11484375 0.28046875
21 0.0640625 0.81875 0.12734375 0.2890625
21 0.20546875 0.8203125 0.19609375 0.2953125
21 0.3828125 0.81953125 0.16796875 0.303125
21 0.56875 0.81796875 0.2046875 0.3125
21 0.7625 0.82109375 0.1921875 0.31796875
21 0.92890625 0.82109375 0.14140625 0.34296875