11 0.05625 0.75859375 0.1125 0.4828125
11 0.21875 0.765625 0.22578125 0.46796875
11 0.428125 0.765625 0.19921875 0.46796875
11 0.64140625 0.76328125 0.2109375 0.4734375
11 0.85234375 0.76640625 0.2328125 0.4671875
11 0.08359375 0.1484375 0.08125 0.296875
11 0.159375 0.1515625 0.1 0.303125
11 0.253125 0.14453125 0.1078125 0.28828125
11 0.35 0.15 0.1 0.3
11 0.446875 0.1453125 0.096875 0.2859375
11 0.53671875 0.1453125 0.07421875 0.290625
11 0.6265625 0.1515625 0.09375 0.303125
11 0.7203125 0.1484375 0.0984375 0.29609375
11 0.8203125 0.1515625 0.0890625 0.303125
11 0.91953125 0.14765625 0.0984375 0.29375