11 0.09140625 0.23359375 0.1453125 0.321875
11 0.22890625 0.23125 0.1328125 0.3203125
11 0.3640625 0.23046875 0.12265625 0.33359375
11 0.49921875 0.23203125 0.14765625 0.33046875
11 0.64140625 0.2296875 0.1328125 0.33515625
11 0.77734375 0.21953125 0.1390625 0.33984375
11 0.1671875 0.7671875 0.125 0.3203125
11 0.29921875 0.771875 0.11484375 0.3203125
11 0.4125 0.7640625 0.1328125 0.32265625
11 0.5421875 0.76328125 0.12734375 0.33984375
11 0.66875 0.7484375 0.11875 0.33203125
11 0.85703125 0.77734375 0.16015625 0.3609375
11 0.77265625 0.75 0.0984375 0.32578125
11 0.959375 0.7703125 0.08125 0.353125
11 0.9171875 0.22109375 0.14296875 0.3296875