11 0.05546875 0.8046875 0.1109375 0.33046875
11 0.28671875 0.74609375 0.184375 0.3734375
11 0.4203125 0.73125 0.12109375 0.3546875
11 0.52578125 0.76328125 0.15546875 0.41640625
11 0.67890625 0.74609375 0.16796875 0.3890625
11 0.79375 0.72578125 0.14375 0.36875
11 0.9140625 0.76875 0.171875 0.43046875
11 0.09296875 0.21484375 0.18046875 0.42265625
11 0.2421875 0.2109375 0.1640625 0.42109375
11 0.415625 0.209375 0.1640625 0.41796875
11 0.58203125 0.20234375 0.15390625 0.4046875
11 0.73828125 0.20234375 0.1765625 0.4046875
11 0.834375 0.196875 0.14765625 0.39375
11 0.91796875 0.22265625 0.1234375 0.3890625