11 0.49453125 0.7296875 0.3578125 0.540625
11 0.840625 0.728125 0.31875 0.54375
11 0.965625 0.13828125 0.06796875 0.27578125
11 0.8859375 0.1359375 0.1046875 0.271875
11 0.80390625 0.13515625 0.096875 0.2703125
11 0.7140625 0.1359375 0.103125 0.271875
11 0.58671875 0.13671875 0.0953125 0.2734375
11 0.446875 0.13671875 0.11875 0.2734375
11 0.33359375 0.13671875 0.1046875 0.2734375
11 0.19609375 0.77265625 0.1 0.35078125
11 0.2796875 0.75703125 0.0765625 0.340625
11 0.10703125 0.77265625 0.09375 0.3421875
11 0.028125 0.79296875 0.05546875 0.38359375