22 0.0453125 0.5328125 0.090625 0.2375
22 0.03671875 0.790625 0.0734375 0.28125
22 0.14765625 0.52734375 0.153125 0.240625
22 0.13984375 0.78203125 0.146875 0.25078125
22 0.290625 0.534375 0.12734375 0.21796875
22 0.2796875 0.7859375 0.13828125 0.28359375
22 0.41640625 0.53125 0.13359375 0.2203125
22 0.409375 0.77421875 0.13515625 0.2734375
22 0.53359375 0.6078125 0.11640625 0.19375
22 0.53671875 0.8109375 0.11953125 0.2078125
22 0.65625 0.6109375 0.12578125 0.2
22 0.66328125 0.81328125 0.13359375 0.228125
22 0.93046875 0.2296875 0.13203125 0.16328125
22 0.809375 0.23359375 0.12890625 0.146875
22 0.7734375 0.128125 0.078125 0.1125
22 0.859375 0.1265625 0.090625 0.10390625
22 0.69140625 0.08984375 0.1046875 0.1734375
22 0.69453125 0.23203125 0.1046875 0.153125
22 0.59375 0.23046875 0.1078125 0.1609375
22 0.57578125 0.12109375 0.10625 0.10234375
22 0.48046875 0.08828125 0.1078125 0.1765625
22 0.47421875 0.24140625 0.1078125 0.1546875
22 0.3703125 0.24375 0.11171875 0.159375
22 0.3859375 0.13125 0.09375 0.12265625
22 0.2953125 0.13515625 0.090625 0.12265625
22 0.25859375 0.24140625 0.12734375 0.1546875
22 0.165625 0.09453125 0.11953125 0.18828125
22 0.1515625 0.23125 0.12734375 0.14296875
22 0.0625 0.065625 0.11484375 0.13125
22 0.05078125 0.21328125 0.1015625 0.17578125