0 0.74375 0.90546875 0.475 0.18828125
0 0.715625 0.8171875 0.44921875 0.1015625
0 0.70078125 0.7328125 0.4296875 0.115625
0 0.25390625 0.94921875 0.5078125 0.10078125
0 0.23828125 0.8046875 0.4765625 0.10625
0 0.24921875 0.71015625 0.4890625 0.07890625
0 0.71796875 0.475 0.5640625 0.15
0 0.71796875 0.38984375 0.53046875 0.06328125
0 0.61640625 0.28671875 0.35859375 0.09765625
0 0.21875 0.47734375 0.4375 0.1609375
0 0.234375 0.3609375 0.45546875 0.1078125
0 0.28203125 0.2984375 0.3359375 0.06953125