18 0.2890625 0.159375 0.31875 0.31875
18 0.55 0.153125 0.278125 0.30625
18 0.121875 0.15859375 0.24375 0.3171875
18 0.0625 0.53359375 0.125 0.2828125
18 0.19453125 0.52734375 0.15546875 0.28125
18 0.3640625 0.51953125 0.22109375 0.26640625
18 0.5890625 0.51015625 0.225 0.26015625
18 0.7625 0.51484375 0.2046875 0.275
18 0.09921875 0.8265625 0.1984375 0.26640625
18 0.27265625 0.83125 0.17578125 0.27109375
18 0.4125 0.82578125 0.1171875 0.26015625
18 0.55859375 0.82421875 0.16796875 0.275
18 0.71796875 0.81640625 0.16015625 0.26171875
18 0.86484375 0.83203125 0.1921875 0.2359375