22 0.12421875 0.13359375 0.1984375 0.2109375
22 0.1046875 0.28671875 0.209375 0.17109375
22 0.3140625 0.28046875 0.2109375 0.16796875
22 0.33359375 0.16015625 0.18046875 0.09921875
22 0.496875 0.12109375 0.2046875 0.18671875
22 0.50234375 0.28203125 0.20234375 0.16796875
22 0.66875 0.1671875 0.18046875 0.128125
22 0.8359375 0.16953125 0.18828125 0.10546875
22 0.70234375 0.2765625 0.2234375 0.17265625
22 0.89921875 0.275 0.2015625 0.165625
22 0.190625 0.67109375 0.225 0.2078125
22 0.165625 0.88359375 0.2375 0.2328125
22 0.4125 0.67109375 0.20703125 0.2109375
22 0.40078125 0.8828125 0.2171875 0.234375