25 0.86015625 0.85546875 0.2796875 0.2546875
25 0.64609375 0.871875 0.14609375 0.2265625
25 0.57890625 0.86875 0.28671875 0.2609375
25 0.290625 0.8734375 0.29765625 0.25234375
25 0.06875 0.87734375 0.1375 0.2453125
25 0.36171875 0.64921875 0.240625 0.1984375
25 0.58046875 0.671875 0.2828125 0.225
25 0.6203125 0.4703125 0.25859375 0.19140625
25 0.09296875 0.4671875 0.16953125 0.12265625
25 0.06953125 0.5921875 0.13828125 0.1203125
25 0.56484375 0.08515625 0.26953125 0.16484375
25 0.8359375 0.09140625 0.27265625 0.18046875
25 0.33671875 0.09375 0.20390625 0.128125