25 0.79765625 0.8765625 0.14296875 0.140625
25 0.871875 0.95859375 0.25625 0.0828125
25 0.61171875 0.96015625 0.26484375 0.07890625
25 0.64765625 0.86015625 0.2421875 0.125
25 0.34453125 0.884375 0.26171875 0.1359375
25 0.346875 0.9625 0.26171875 0.075
25 0.10703125 0.9640625 0.2140625 0.071875
25 0.1078125 0.88984375 0.215625 0.140625
25 0.1078125 0.7765625 0.215625 0.1234375
25 0.4515625 0.7265625 0.153125 0.0703125
25 0.61953125 0.7765625 0.1765625 0.05078125
25 0.45078125 0.778125 0.16875 0.05
25 0.296875 0.77265625 0.15703125 0.059375
25 0.83984375 0.56796875 0.25390625 0.103125
25 0.86171875 0.4765625 0.23515625 0.08984375
25 0.853125 0.3875 0.21796875 0.09921875
25 0.5875 0.46875 0.240625 0.10390625
25 0.5875 0.57109375 0.25 0.10390625
25 0.34375 0.5765625 0.24375 0.10546875
25 0.39140625 0.48359375 0.1796875 0.090625
25 0.63125 0.3890625 0.2203125 0.0890625
25 0.4078125 0.39453125 0.209375 0.08984375
25 0.10546875 0.584375 0.2109375 0.096875
25 0.90078125 0.22109375 0.1984375 0.0578125
25 0.90078125 0.17109375 0.19765625 0.0859375
25 0.896875 0.10234375 0.20546875 0.08359375
25 0.89375 0.03984375 0.2125 0.0796875
25 0.678125 0.04375 0.21953125 0.0796875
25 0.675 0.10625 0.22578125 0.08828125
25 0.68359375 0.16953125 0.2359375 0.08828125
25 0.68515625 0.2265625 0.2421875 0.06015625
25 0.41875 0.1265625 0.2328125 0.1078125
25 0.41875 0.21640625 0.23203125 0.08828125
25 0.1875 0.2203125 0.22890625 0.0859375
25 0.18671875 0.134375 0.228125 0.1046875
25 0.19375 0.046875 0.22890625 0.09296875
25 0.3625 0.04375 0.11328125 0.0875
25 0.03828125 0.05 0.07578125 0.09921875
25 0.484375 0.08125 0.17265625 0.0921875
25 0.040625 0.14375 0.08125 0.1015625
25 0.03515625 0.2234375 0.0703125 0.08125