25 0.16640625 0.7609375 0.2453125 0.1203125
25 0.15 0.87421875 0.265625 0.1203125
25 0.1609375 0.95546875 0.271875 0.0890625
25 0.4234375 0.75390625 0.27421875 0.11875
25 0.41953125 0.8609375 0.27421875 0.11015625
25 0.42890625 0.95703125 0.2640625 0.0859375
25 0.72734375 0.75 0.32109375 0.1515625
25 0.74765625 0.8609375 0.30859375 0.11328125
25 0.75625 0.94765625 0.31875 0.1046875
25 0.95703125 0.734375 0.0859375 0.11015625
25 0.95859375 0.83671875 0.08203125 0.10703125
25 0.96171875 0.9390625 0.07578125 0.11015625
25 0.92890625 0.321875 0.14140625 0.09453125
25 0.93515625 0.425 0.12890625 0.09765625
25 0.9375 0.52109375 0.125 0.10078125
25 0.72734375 0.32734375 0.26015625 0.11171875
25 0.72421875 0.42890625 0.26171875 0.10546875
25 0.71953125 0.5390625 0.2703125 0.10546875
25 0.43046875 0.33359375 0.259375 0.10859375
25 0.43203125 0.4453125 0.278125 0.10546875
25 0.42578125 0.5453125 0.265625 0.08984375
25 0.1625 0.34765625 0.24140625 0.10234375
25 0.1765625 0.44921875 0.24921875 0.10390625
25 0.17265625 0.55625 0.24921875 0.10390625
25 0.809375 0.0453125 0.265625 0.090625
25 0.8125 0.1296875 0.2515625 0.11171875
25 0.5546875 0.05859375 0.26171875 0.10078125
25 0.55625 0.16015625 0.265625 0.10546875
25 0.1765625 0.08046875 0.13125 0.09921875
25 0.1296875 0.16484375 0.12265625 0.08671875
25 0.30390625 0.1578125 0.24765625 0.0796875
25 0.05078125 0.09453125 0.10078125 0.09609375
25 0.35234375 0.078125 0.14296875 0.09296875