25 0.29921875 0.3390625 0.37734375 0.27890625
25 0.28515625 0.58984375 0.37890625 0.2875
25 0.27734375 0.8625 0.3875 0.27421875
25 0.6765625 0.33125 0.353125 0.26953125
25 0.6734375 0.59921875 0.37109375 0.2734375
25 0.67109375 0.85859375 0.37578125 0.28203125
25 0.9265625 0.3546875 0.14609375 0.271875
25 0.9359375 0.61796875 0.128125 0.25078125
25 0.93515625 0.86796875 0.1296875 0.2640625
25 0.05234375 0.32890625 0.1046875 0.2328125
25 0.04296875 0.56640625 0.0859375 0.2390625
25 0.04609375 0.8546875 0.0921875 0.2875