25 0.81484375 0.21953125 0.3703125 0.14375
25 0.3359375 0.2109375 0.43359375 0.19765625
25 0.08046875 0.090625 0.16015625 0.12578125
25 0.0671875 0.23203125 0.13359375 0.16796875
25 0.7828125 0.54375 0.434375 0.203125
25 0.7890625 0.73203125 0.42109375 0.19140625
25 0.7796875 0.909375 0.440625 0.18125
25 0.4484375 0.55859375 0.1921875 0.18828125
25 0.25234375 0.54921875 0.2703125 0.1640625
25 0.35078125 0.7328125 0.41875 0.2234375
25 0.359375 0.91015625 0.4109375 0.1796875
25 0.0484375 0.55390625 0.096875 0.16953125
25 0.07734375 0.89453125 0.15390625 0.2109375