25 0.78828125 0.634375 0.2609375 0.2546875
25 0.809375 0.4359375 0.221875 0.19453125
25 0.5640625 0.42890625 0.2421875 0.21171875
25 0.52890625 0.65 0.2578125 0.2
25 0.51953125 0.83203125 0.2671875 0.25078125
25 0.78046875 0.821875 0.265625 0.2375
25 0.959375 0.45078125 0.08125 0.2140625
25 0.9546875 0.65 0.090625 0.2
25 0.94140625 0.83828125 0.11640625 0.19296875
25 0.3171875 0.421875 0.14921875 0.23125
25 0.23671875 0.62890625 0.29140625 0.2265625
25 0.24296875 0.83984375 0.290625 0.265625
25 0.10390625 0.40390625 0.2078125 0.20625
25 0.05546875 0.8296875 0.1109375 0.26484375