0 0.796875 0.4 0.40625 0.240625
0 0.80859375 0.63359375 0.38203125 0.2328125
0 0.4546875 0.44296875 0.28046875 0.16484375
0 0.45703125 0.60546875 0.28828125 0.17109375
0 0.221875 0.584375 0.19453125 0.2078125
0 0.06015625 0.58046875 0.1203125 0.2203125
0 0.20078125 0.40078125 0.20390625 0.16328125
0 0.6921875 0.94140625 0.13984375 0.1171875
0 0.8234375 0.95234375 0.14375 0.0953125
0 0.4421875 0.15546875 0.3890625 0.18359375
0 0.83203125 0.171875 0.3359375 0.1671875
0 0.46796875 0.94453125 0.1109375 0.1109375