18 0.93203125 0.35703125 0.1359375 0.3359375
18 0.74921875 0.36171875 0.19453125 0.3921875
18 0.57265625 0.36796875 0.15234375 0.36328125
18 0.38359375 0.37578125 0.15390625 0.3453125
18 0.2296875 0.35859375 0.15625 0.35234375
18 0.090625 0.38984375 0.125 0.284375
18 0.0625 0.7609375 0.096875 0.2265625
18 0.16015625 0.765625 0.10703125 0.221875
18 0.2671875 0.77265625 0.12578125 0.23671875
18 0.3640625 0.7734375 0.11640625 0.234375
18 0.4796875 0.765625 0.11796875 0.234375
18 0.6109375 0.834375 0.13984375 0.33125
18 0.753125 0.83828125 0.14765625 0.3234375
18 0.85546875 0.784375 0.08828125 0.25703125