1 0.23046875 0.1234375 0.4609375 0.24375
1 0.21640625 0.31953125 0.4328125 0.19609375
1 0.7375 0.11953125 0.52421875 0.2390625
1 0.7265625 0.33125 0.48125 0.17109375
1 0.22265625 0.6296875 0.2671875 0.20390625
1 0.4703125 0.67578125 0.1890625 0.2671875
1 0.846875 0.70234375 0.20078125 0.2140625
1 0.66640625 0.8078125 0.1640625 0.234375
1 0.6546875 0.63046875 0.15078125 0.16484375
1 0.07421875 0.65703125 0.14765625 0.25078125
1 0.275 0.77265625 0.21484375 0.0890625
1 0.284375 0.8625 0.21484375 0.0890625
1 0.09765625 0.8265625 0.1953125 0.1484375
1 0.83203125 0.85625 0.1640625 0.1015625