1 0.87109375 0.546875 0.2578125 0.11640625
1 0.86875 0.64140625 0.26171875 0.08984375
1 0.8953125 0.2046875 0.20859375 0.09921875
1 0.89765625 0.11015625 0.2046875 0.09921875
1 0.54453125 0.0953125 0.4453125 0.11640625
1 0.5421875 0.196875 0.43359375 0.09921875
1 0.13984375 0.084375 0.2796875 0.10625
1 0.13828125 0.1875 0.27578125 0.09765625
1 0.50859375 0.5375 0.4765625 0.11484375
1 0.50625 0.6421875 0.43984375 0.08828125
1 0.14140625 0.51953125 0.278125 0.11640625
1 0.13828125 0.63359375 0.2765625 0.10234375
1 0.1421875 0.9484375 0.284375 0.0796875
1 0.50546875 0.93125 0.396875 0.09921875
1 0.509375 0.80703125 0.4 0.09921875
1 0.85546875 0.9171875 0.28828125 0.10234375
1 0.859375 0.80546875 0.28125 0.0953125