1 0.18203125 0.14375 0.3640625 0.134375
1 0.1796875 0.284375 0.359375 0.134375
1 0.5609375 0.15546875 0.3359375 0.159375
1 0.56171875 0.30078125 0.3328125 0.13046875
1 0.21328125 0.0484375 0.3125 0.09609375
1 0.87265625 0.171875 0.2546875 0.1265625
1 0.871875 0.290625 0.25625 0.1265625
1 0.8828125 0.76953125 0.234375 0.1796875
1 0.87734375 0.90625 0.2453125 0.134375
1 0.5640625 0.78359375 0.38046875 0.1890625
1 0.56171875 0.93515625 0.37421875 0.12890625
1 0.1796875 0.92421875 0.359375 0.1515625
1 0.18359375 0.77265625 0.3671875 0.15859375