22 0.1046875 0.7375 0.165625 0.46953125
22 0.2640625 0.73671875 0.14453125 0.45859375
22 0.41328125 0.7125 0.14296875 0.4015625
22 0.56171875 0.7375 0.12890625 0.428125
22 0.15078125 0.1484375 0.19609375 0.29609375
22 0.3375 0.175 0.178125 0.28359375
22 0.5046875 0.16796875 0.15625 0.33515625
22 0.6609375 0.18203125 0.1875 0.346875
22 0.82265625 0.203125 0.1609375 0.33046875
22 0.95234375 0.23671875 0.0953125 0.28359375
22 0.728125 0.65 0.15078125 0.23671875
22 0.71328125 0.8375 0.15703125 0.2359375
22 0.853125 0.83203125 0.13671875 0.2484375
22 0.94765625 0.8375 0.1046875 0.24453125
22 0.9171875 0.6203125 0.12265625 0.18984375
22 0.80703125 0.60703125 0.115625 0.19140625