22 0.09296875 0.0921875 0.1671875 0.184375
22 0.259375 0.0953125 0.15625 0.18984375
22 0.415625 0.09609375 0.16875 0.1921875
22 0.1015625 0.4578125 0.11640625 0.2203125
22 0.19609375 0.709375 0.12109375 0.29375
22 0.33359375 0.76328125 0.1890625 0.35703125
22 0.51875 0.75390625 0.171875 0.36328125
22 0.7015625 0.7578125 0.1921875 0.3671875
22 0.86328125 0.7421875 0.16875 0.35078125
26 0.60625 0.103125 0.2125 0.20625
26 0.81328125 0.09609375 0.20390625 0.1921875
22 0.30859375 0.4859375 0.17265625 0.2234375
22 0.5 0.4875 0.16640625 0.21796875
22 0.09296875 0.671875 0.08984375 0.2