1 0.18203125 0.5796875 0.3640625 0.11171875
1 0.55546875 0.54609375 0.38359375 0.17890625
1 0.87421875 0.546875 0.2515625 0.175
1 0.87890625 0.38359375 0.2421875 0.1578125
1 0.55859375 0.378125 0.3984375 0.1546875
1 0.17421875 0.90546875 0.3484375 0.1140625
1 0.1671875 0.78125 0.334375 0.140625
1 0.52734375 0.8734375 0.35234375 0.128125
1 0.85625 0.90234375 0.2875 0.13203125
1 0.85859375 0.78046875 0.2828125 0.11796875
1 0.57421875 0.05234375 0.4734375 0.1046875
1 0.15703125 0.05546875 0.3140625 0.1109375
1 0.17734375 0.44765625 0.3546875 0.15625