1 0.31328125 0.1109375 0.4171875 0.12265625
1 0.29453125 0.25390625 0.43515625 0.14296875
1 0.30078125 0.4046875 0.4234375 0.134375
1 0.7015625 0.075 0.3453125 0.1328125
1 0.7515625 0.2515625 0.43515625 0.17109375
1 0.73046875 0.40390625 0.409375 0.1328125
1 0.340625 0.91171875 0.3859375 0.1421875
1 0.36171875 0.80078125 0.3359375 0.07734375
1 0.37421875 0.6578125 0.30078125 0.08515625
1 0.69921875 0.62890625 0.31875 0.10390625
1 0.6953125 0.734375 0.3171875 0.1203125
1 0.71953125 0.91953125 0.35390625 0.13828125