1 0.528125 0.91953125 0.47421875 0.11015625
1 0.8828125 0.93125 0.234375 0.1125
1 0.8875 0.77578125 0.225 0.10078125
1 0.521875 0.82578125 0.4578125 0.08515625
1 0.1140625 0.790625 0.22734375 0.0796875
1 0.4765625 0.5546875 0.55625 0.10703125
1 0.10234375 0.56015625 0.2046875 0.0953125
1 0.12265625 0.721875 0.2453125 0.065625
1 0.88515625 0.2921875 0.2296875 0.08984375
1 0.8875 0.4453125 0.225 0.1234375
1 0.4703125 0.44140625 0.55625 0.10078125
1 0.48359375 0.340625 0.590625 0.10390625
1 0.10234375 0.44296875 0.2046875 0.1171875
1 0.12265625 0.246875 0.2453125 0.0921875
1 0.88984375 0.55390625 0.21953125 0.084375