1 0.1015625 0.725 0.203125 0.10703125
1 0.10234375 0.83125 0.2046875 0.13125
1 0.1125 0.91484375 0.225 0.1078125
1 0.49609375 0.78984375 0.403125 0.09609375
1 0.50234375 0.72421875 0.40703125 0.078125
1 0.85625 0.93125 0.2875 0.134375
1 0.86640625 0.84453125 0.2671875 0.0828125
1 0.84765625 0.5671875 0.3046875 0.10703125
1 0.85234375 0.45859375 0.29453125 0.11328125
1 0.85234375 0.35546875 0.29453125 0.10390625
1 0.4265625 0.55625 0.52109375 0.11328125
1 0.4390625 0.459375 0.5046875 0.09921875
1 0.46796875 0.2578125 0.4640625 0.08828125
1 0.46640625 0.34296875 0.4703125 0.08125
1 0.08203125 0.56796875 0.1640625 0.11171875
1 0.0921875 0.43203125 0.184375 0.18984375