1 0.08046875 0.45703125 0.1609375 0.1484375
1 0.06953125 0.596875 0.13828125 0.1421875
1 0.228125 0.4359375 0.1703125 0.16328125
1 0.2203125 0.5796875 0.1609375 0.14453125
1 0.41796875 0.278125 0.19453125 0.1265625
1 0.409375 0.4140625 0.20859375 0.15703125
1 0.4125 0.5703125 0.20234375 0.13828125
1 0.63828125 0.34453125 0.17734375 0.128125
1 0.640625 0.46484375 0.17265625 0.13671875
1 0.64765625 0.57734375 0.1859375 0.0953125
1 0.8109375 0.31953125 0.21171875 0.15078125
1 0.8265625 0.44375 0.20546875 0.15859375
1 0.84609375 0.56015625 0.22421875 0.11015625