1 0.1296875 0.12890625 0.2375 0.1671875
1 0.09921875 0.2953125 0.1984375 0.18515625
1 0.10078125 0.465625 0.2015625 0.13828125
1 0.2609375 0.3 0.21484375 0.18984375
1 0.28125 0.46328125 0.22109375 0.153125
1 0.4625 0.29296875 0.20390625 0.2
1 0.4703125 0.4484375 0.19453125 0.13203125
1 0.34609375 0.08671875 0.12109375 0.10625
1 0.46796875 0.08125 0.13828125 0.10390625
1 0.6609375 0.11796875 0.1875 0.16953125
1 0.64140625 0.275 0.15546875 0.11640625
1 0.6625 0.4328125 0.1875 0.17734375
1 0.84765625 0.27734375 0.29140625 0.20625
1 0.8265625 0.6734375 0.21796875 0.1484375
1 0.82421875 0.809375 0.1921875 0.146875
1 0.81875 0.9328125 0.2 0.134375
1 0.63671875 0.65 0.165625 0.10546875
1 0.65625 0.78046875 0.16875 0.19140625
1 0.65390625 0.92734375 0.1546875 0.1140625
1 0.48671875 0.7625 0.1765625 0.1953125
1 0.48125 0.921875 0.1828125 0.121875
1 0.30859375 0.7765625 0.19296875 0.21171875
1 0.13984375 0.7609375 0.21796875 0.2015625
1 0.159375 0.91171875 0.1578125 0.1015625
1 0.30546875 0.9171875 0.16875 0.11015625