25 0.1125 0.4625 0.22421875 0.1796875
25 0.109375 0.63046875 0.21796875 0.18125
25 0.1015625 0.79765625 0.203125 0.18125
25 0.3484375 0.44765625 0.20546875 0.15078125
25 0.33359375 0.60625 0.22265625 0.1609375
25 0.26953125 0.8390625 0.1484375 0.23046875
25 0.521875 0.65234375 0.22421875 0.1875
25 0.5296875 0.85625 0.259375 0.22421875
25 0.7828125 0.86171875 0.253125 0.21796875
25 0.74375 0.65546875 0.23046875 0.18125
25 0.56171875 0.146875 0.253125 0.18984375
25 0.8484375 0.128125 0.30234375 0.234375
25 0.33671875 0.13515625 0.14296875 0.2
25 0.109375 0.134375 0.21875 0.18125
25 0.75 0.4953125 0.2171875 0.1375
25 0.93671875 0.42421875 0.12578125 0.09375
25 0.9390625 0.52734375 0.121875 0.1046875
25 0.89609375 0.675 0.07421875 0.146875
25 0.9640625 0.6546875 0.071875 0.15546875
25 0.825 0.51328125 0.12890625 0.16328125