25 0.1 0.52734375 0.12890625 0.2
25 0.159375 0.76953125 0.1640625 0.2421875
25 0.2484375 0.34375 0.1875 0.134375
25 0.23984375 0.47734375 0.16875 0.13671875
25 0.4078125 0.36484375 0.19921875 0.16484375
25 0.3984375 0.52734375 0.20078125 0.15859375
25 0.3859375 0.7078125 0.240625 0.2140625
25 0.6375 0.38046875 0.26875 0.21171875
25 0.62890625 0.559375 0.2453125 0.221875
25 0.62421875 0.73046875 0.2484375 0.1890625
25 0.81328125 0.35 0.21015625 0.1671875
25 0.84609375 0.5234375 0.23359375 0.1796875
25 0.8984375 0.78203125 0.16875 0.25078125
25 0.8640625 0.72578125 0.2515625 0.2234375