25 0.1109375 0.4203125 0.221875 0.146875
25 0.365625 0.44140625 0.2921875 0.134375
25 0.61875 0.4609375 0.2515625 0.1234375
25 0.85234375 0.47421875 0.2375 0.11484375
25 0.846875 0.61875 0.225 0.18203125
25 0.64140625 0.6078125 0.21484375 0.19375
25 0.35546875 0.57109375 0.36171875 0.17890625
25 0.265625 0.94453125 0.3578125 0.1109375
25 0.09453125 0.89921875 0.18828125 0.18359375
25 0.625 0.95078125 0.325 0.0984375
25 0.31640625 0.86953125 0.24921875 0.04140625
25 0.85546875 0.9328125 0.11875 0.134375