25 0.09921875 0.38359375 0.1984375 0.18984375
25 0.1125 0.55625 0.21171875 0.15859375
25 0.1234375 0.69453125 0.20859375 0.175
25 0.32421875 0.3765625 0.22421875 0.18359375
25 0.32421875 0.5390625 0.2296875 0.15703125
25 0.32421875 0.6796875 0.21796875 0.17734375
25 0.59453125 0.35390625 0.1609375 0.13828125
25 0.54921875 0.4875 0.165625 0.153125
25 0.5421875 0.66796875 0.21640625 0.2203125
25 0.79921875 0.5546875 0.29921875 0.246875
25 0.78671875 0.7359375 0.29140625 0.240625
25 0.940625 0.35859375 0.11875 0.1734375
25 0.721875 0.3265625 0.115625 0.12265625