25 0.1078125 0.43359375 0.19609375 0.1546875
25 0.1125 0.58046875 0.225 0.15859375
25 0.12421875 0.70390625 0.19765625 0.16875
25 0.34375 0.51328125 0.1625 0.134375
25 0.32421875 0.68046875 0.20859375 0.20390625
25 0.5125 0.57734375 0.21796875 0.19765625
25 0.51171875 0.73984375 0.21328125 0.17890625
25 0.6921875 0.41328125 0.20078125 0.15078125
25 0.690625 0.55390625 0.1953125 0.15078125
25 0.72265625 0.74296875 0.11875 0.20546875
25 0.86015625 0.5109375 0.184375 0.15078125
25 0.878125 0.67421875 0.22109375 0.17109375
25 0.15234375 0.11640625 0.1546875 0.2328125
25 0.29765625 0.11875 0.12578125 0.2375
25 0.43046875 0.1109375 0.13671875 0.22109375
25 0.5625 0.1046875 0.12265625 0.20859375
25 0.69453125 0.1421875 0.190625 0.140625
25 0.8671875 0.12421875 0.109375 0.165625
25 0.40078125 0.40078125 0.13359375 0.1078125