5 0.07421875 0.73671875 0.1484375 0.2078125
5 0.2421875 0.5828125 0.1765625 0.134375
5 0.4203125 0.69921875 0.19921875 0.26484375
5 0.446875 0.490625 0.1609375 0.134375
5 0.62890625 0.70625 0.21484375 0.15234375
5 0.63046875 0.56328125 0.20859375 0.140625
5 0.11875 0.51015625 0.153125 0.075
5 0.88203125 0.771875 0.2359375 0.15
5 0.8625 0.59609375 0.21953125 0.140625
5 0.83046875 0.4625 0.20390625 0.09375
5 0.46015625 0.23515625 0.13828125 0.08125
5 0.4515625 0.321875 0.12734375 0.0875
5 0.2796875 0.51796875 0.12421875 0.06953125
5 0.840625 0.3875 0.14921875 0.09921875