5 0.22265625 0.7203125 0.26953125 0.2421875
5 0.2609375 0.296875 0.2421875 0.159375
5 0.49609375 0.71640625 0.20078125 0.14453125
5 0.4890625 0.6078125 0.171875 0.1078125
5 0.515625 0.32109375 0.1875 0.1265625
5 0.48671875 0.4203125 0.1921875 0.10390625
5 0.49765625 0.50078125 0.1828125 0.1015625
5 0.8125 0.72265625 0.16875 0.17734375
5 0.9328125 0.734375 0.134375 0.1734375
5 0.88984375 0.57421875 0.15546875 0.1421875
5 0.64921875 0.5265625 0.109375 0.13203125
5 0.7265625 0.6203125 0.1015625 0.128125
5 0.71796875 0.49921875 0.0984375 0.121875
5 0.24375 0.52109375 0.2703125 0.1671875
5 0.8234375 0.53359375 0.115625 0.125