22 0.12265625 0.46796875 0.1765625 0.35078125
22 0.30390625 0.4546875 0.13828125 0.3
22 0.121875 0.815625 0.159375 0.31796875
22 0.2765625 0.80546875 0.153125 0.3796875
22 0.44296875 0.80078125 0.14296875 0.33828125
22 0.4515625 0.46796875 0.13671875 0.33828125
22 0.6 0.46953125 0.13828125 0.34921875
22 0.58203125 0.80546875 0.14609375 0.33046875
22 0.746875 0.4765625 0.159375 0.34296875
22 0.73203125 0.81640625 0.13671875 0.33203125
22 0.90234375 0.478125 0.14609375 0.35078125
22 0.8828125 0.81640625 0.16875 0.328125