23 0.17265625 0.4375 0.1328125 0.19609375
23 0.29453125 0.23984375 0.11953125 0.19609375
23 0.28125 0.434375 0.14140625 0.19375
23 0.409375 0.21796875 0.115625 0.20234375
23 0.40234375 0.425 0.13203125 0.18359375
23 0.515625 0.2765625 0.1078125 0.1796875
23 0.521875 0.44609375 0.1046875 0.15078125
23 0.621875 0.27578125 0.10625 0.18828125
23 0.63046875 0.45 0.11640625 0.159375
23 0.7421875 0.2109375 0.13828125 0.240625
23 0.76171875 0.41484375 0.171875 0.2125
23 0.89765625 0.4 0.1578125 0.21796875
23 0.06640625 0.859375 0.1328125 0.28125
23 0.18125 0.8578125 0.134375 0.25546875
23 0.30703125 0.85859375 0.13203125 0.25703125
23 0.4171875 0.85859375 0.11640625 0.25703125
23 0.53828125 0.86171875 0.1328125 0.2765625
23 0.671875 0.8640625 0.15078125 0.26875
23 0.809375 0.8609375 0.165625 0.27734375
23 0.93671875 0.85859375 0.1265625 0.28203125