5 0.25234375 0.1359375 0.42109375 0.271875
5 0.6515625 0.2203125 0.3453125 0.08984375
5 0.81484375 0.9203125 0.3671875 0.159375
5 0.79453125 0.7609375 0.36640625 0.1390625
5 0.75859375 0.62890625 0.31875 0.08671875
5 0.44140625 0.86171875 0.34140625 0.1265625
5 0.45234375 0.71171875 0.28203125 0.1234375
5 0.125 0.86796875 0.25 0.24375
5 0.209375 0.6546875 0.24140625 0.11953125
5 0.25234375 0.4578125 0.20234375 0.03984375
5 0.259375 0.50078125 0.17578125 0.05859375
5 0.26328125 0.559375 0.1796875 0.0671875
5 0.82734375 0.5453125 0.17578125 0.11328125