5 0.05546875 0.3515625 0.1109375 0.33046875
5 0.34921875 0.290625 0.1859375 0.2078125
5 0.21171875 0.51328125 0.175 0.15078125
5 0.43515625 0.47421875 0.13671875 0.15078125
5 0.16015625 0.403125 0.11640625 0.14296875
5 0.23359375 0.2046875 0.165625 0.11015625
5 0.528125 0.37109375 0.1 0.1484375
5 0.61796875 0.53671875 0.1046875 0.1484375
5 0.72109375 0.53828125 0.12421875 0.18515625
5 0.90859375 0.2546875 0.11875 0.153125
5 0.86484375 0.4234375 0.14140625 0.17109375
5 0.28359375 0.45859375 0.175 0.171875