5 0.19296875 0.51640625 0.1828125 0.07109375
5 0.1796875 0.5859375 0.19921875 0.07890625
5 0.12421875 0.6625 0.2484375 0.103125
5 0.115625 0.75859375 0.2296875 0.10546875
5 0.41171875 0.4703125 0.1515625 0.0609375
5 0.41015625 0.51796875 0.1390625 0.0515625
5 0.415625 0.57421875 0.14453125 0.06640625
5 0.4125 0.63046875 0.14453125 0.0640625
5 0.3984375 0.69765625 0.16640625 0.08671875
5 0.584375 0.33671875 0.16640625 0.08671875
5 0.57109375 0.39453125 0.16796875 0.05859375
5 0.56953125 0.4578125 0.1625 0.0703125
5 0.57578125 0.51953125 0.16796875 0.06953125
5 0.59140625 0.58046875 0.2046875 0.06484375
5 0.6203125 0.66015625 0.2453125 0.115625
5 0.61640625 0.75 0.25078125 0.11796875
5 0.72421875 0.46640625 0.14765625 0.0734375
5 0.72265625 0.52421875 0.1359375 0.07578125
5 0.76015625 0.58984375 0.175 0.0734375
5 0.78046875 0.65390625 0.128125 0.0734375
5 0.7828125 0.71640625 0.1328125 0.0703125