5 0.55625 0.178125 0.22109375 0.0578125
5 0.5421875 0.22734375 0.21796875 0.05390625
5 0.54375 0.2734375 0.22890625 0.0515625
5 0.54921875 0.31640625 0.22890625 0.04609375
5 0.55546875 0.35703125 0.265625 0.04453125
5 0.56796875 0.4109375 0.3171875 0.07265625
5 0.57421875 0.471875 0.296875 0.06953125
5 0.3484375 0.2875 0.184375 0.03828125
5 0.34765625 0.32890625 0.1796875 0.04140625
5 0.353125 0.37109375 0.16328125 0.03828125
5 0.34140625 0.4125 0.15390625 0.040625
5 0.3140625 0.46015625 0.1953125 0.06015625
5 0.753125 0.284375 0.20078125 0.053125
5 0.7546875 0.32109375 0.19375 0.04609375
5 0.79140625 0.3640625 0.23203125 0.06015625
5 0.796875 0.4109375 0.203125 0.053125
5 0.7984375 0.4578125 0.19375 0.0484375
5 0.19921875 0.89296875 0.26171875 0.21328125
5 0.22734375 0.69453125 0.2140625 0.15703125
5 0.4578125 0.809375 0.203125 0.19765625
5 0.4609375 0.66953125 0.17734375 0.06640625
5 0.6609375 0.81953125 0.2125 0.178125
5 0.63828125 0.65234375 0.19765625 0.0765625
5 0.903125 0.66328125 0.19375 0.11328125
5 0.11328125 0.33359375 0.2265625 0.05234375