22 0.0625 0.17421875 0.125 0.2328125
22 0.2328125 0.19375 0.1984375 0.2078125
22 0.22578125 0.37265625 0.18828125 0.19296875
22 0.4421875 0.12421875 0.20078125 0.2484375
22 0.42265625 0.3515625 0.1859375 0.24296875
22 0.6515625 0.12109375 0.1984375 0.2421875
22 0.6328125 0.35546875 0.1984375 0.24453125
22 0.85390625 0.12265625 0.1984375 0.2453125
22 0.8359375 0.35625 0.196875 0.23984375
22 0.76953125 0.6828125 0.190625 0.23359375
22 0.56953125 0.6796875 0.20234375 0.25234375
22 0.359375 0.65546875 0.14140625 0.18515625
22 0.19609375 0.65 0.16171875 0.17421875
22 0.7515625 0.89296875 0.1796875 0.2140625
22 0.55078125 0.89453125 0.19375 0.2109375
22 0.33984375 0.88203125 0.18203125 0.2359375
22 0.1484375 0.88046875 0.17734375 0.23828125
22 0.93515625 0.68359375 0.1296875 0.234375
22 0.9359375 0.90234375 0.128125 0.1953125