5 0.10859375 0.76640625 0.21640625 0.31015625
5 0.1875 0.4828125 0.21796875 0.11015625
5 0.3515625 0.71796875 0.159375 0.246875
5 0.36015625 0.4875 0.12734375 0.2140625
5 0.5234375 0.7109375 0.1546875 0.3875
5 0.703125 0.72421875 0.24375 0.2546875
5 0.9265625 0.77265625 0.14609375 0.31015625
5 0.8953125 0.50390625 0.14765625 0.23046875
5 0.684375 0.1484375 0.25 0.128125
5 0.6484375 0.04609375 0.16875 0.0921875
5 0.43984375 0.16015625 0.21640625 0.08984375
5 0.45703125 0.03203125 0.15625 0.0640625
5 0.23046875 0.103125 0.17890625 0.20546875