5 0.0890625 0.390625 0.1625 0.0734375
5 0.075 0.44375 0.14921875 0.06484375
5 0.31953125 0.5890625 0.165625 0.19140625
5 0.31171875 0.74296875 0.184375 0.13671875
5 0.0734375 0.49921875 0.14609375 0.06875
5 0.0734375 0.5546875 0.14609375 0.07109375
5 0.19453125 0.6125 0.096875 0.07890625
5 0.50625 0.76015625 0.19609375 0.09375
5 0.49765625 0.68125 0.1796875 0.075
5 0.51171875 0.6171875 0.14296875 0.06875
5 0.72890625 0.74921875 0.234375 0.1078125
5 0.68828125 0.665625 0.159375 0.08359375
5 0.690625 0.59140625 0.1609375 0.09140625
5 0.6859375 0.5234375 0.1734375 0.08515625
5 0.684375 0.44921875 0.1671875 0.0875
5 0.6796875 0.375 0.1546875 0.08359375
5 0.51328125 0.5578125 0.14609375 0.065625
5 0.20625 0.084375 0.13828125 0.146875
5 0.8171875 0.08359375 0.15625 0.11640625
5 0.7953125 0.45859375 0.06953125 0.1
5 0.815625 0.02734375 0.159375 0.0546875
5 0.25390625 0.50625 0.13203125 0.0625