21 0.0578125 0.80390625 0.11484375 0.32421875
21 0.2015625 0.76015625 0.0859375 0.28515625
21 0.2734375 0.7765625 0.0890625 0.3015625
21 0.3625 0.80703125 0.1046875 0.33046875
21 0.47734375 0.7921875 0.0984375 0.31171875
21 0.54921875 0.7578125 0.0890625 0.2734375
21 0.6296875 0.75234375 0.096875 0.27734375
21 0.715625 0.753125 0.084375 0.28359375
21 0.83828125 0.7890625 0.1046875 0.3140625
21 0.9453125 0.79609375 0.109375 0.3203125
21 0.1109375 0.2234375 0.11328125 0.28984375
21 0.2203125 0.2046875 0.10625 0.31875
21 0.3046875 0.225 0.075 0.27734375
21 0.38203125 0.22734375 0.0859375 0.30234375
21 0.4640625 0.2015625 0.11484375 0.3328125
21 0.60234375 0.2078125 0.1046875 0.32890625
21 0.71484375 0.2140625 0.0953125 0.30390625
21 0.82734375 0.20390625 0.103125 0.3203125
21 0.93515625 0.20546875 0.1015625 0.3078125