21 0.04140625 0.234375 0.0828125 0.296875
21 0.2078125 0.2 0.11171875 0.34453125
21 0.340625 0.1953125 0.11953125 0.33671875
21 0.44375 0.2171875 0.1109375 0.34296875
21 0.60859375 0.21875 0.1140625 0.334375
21 0.80546875 0.25078125 0.090625 0.25078125
21 0.903125 0.22734375 0.1140625 0.31015625
21 0.05625 0.8296875 0.1125 0.33984375
21 0.35546875 0.8328125 0.1015625 0.33359375
21 0.45234375 0.83828125 0.11953125 0.3234375
21 0.55625 0.834375 0.10625 0.33125
21 0.64375 0.8328125 0.1125 0.334375
21 0.753125 0.8421875 0.1140625 0.31484375
21 0.8578125 0.8421875 0.11875 0.31484375
21 0.1984375 0.71328125 0.0703125 0.20390625
21 0.284375 0.7203125 0.06484375 0.2015625