21 0.03359375 0.79921875 0.06640625 0.40078125
21 0.134375 0.79453125 0.1453125 0.4109375
21 0.3 0.78984375 0.13671875 0.41796875
21 0.4375 0.7828125 0.13515625 0.40390625
21 0.571875 0.7765625 0.13515625 0.4078125
21 0.70703125 0.76953125 0.13828125 0.39765625
21 0.84609375 0.7703125 0.14453125 0.41171875
21 0.95078125 0.759375 0.0984375 0.39765625
21 0.825 0.1671875 0.11953125 0.3078125
21 0.71328125 0.18046875 0.0984375 0.28984375
21 0.6109375 0.1703125 0.1 0.3140625
21 0.4546875 0.16484375 0.10625 0.32890625
21 0.33125 0.203125 0.0890625 0.240625
21 0.22578125 0.1921875 0.1046875 0.26953125
21 0.109375 0.175 0.11015625 0.31640625