22 0.08515625 0.42265625 0.1703125 0.33671875
22 0.06875 0.74453125 0.13671875 0.3734375
22 0.2390625 0.43359375 0.1703125 0.31796875
22 0.20703125 0.7640625 0.18359375 0.33828125
22 0.38828125 0.44453125 0.14140625 0.30390625
22 0.37734375 0.7625 0.165625 0.34296875
22 0.5296875 0.45078125 0.13984375 0.28359375
22 0.53515625 0.7578125 0.14140625 0.33828125
22 0.6484375 0.49609375 0.1015625 0.221875
22 0.6828125 0.7625 0.15234375 0.33046875
22 0.74375 0.49765625 0.1140625 0.2140625
22 0.83671875 0.76953125 0.14765625 0.33203125
22 0.9171875 0.4765625 0.165625 0.2625
22 0.9484375 0.7734375 0.103125 0.3203125