21 0.090625 0.41171875 0.16796875 0.2828125
21 0.25703125 0.4234375 0.1578125 0.25390625
21 0.4125 0.4234375 0.14140625 0.27578125
21 0.54609375 0.440625 0.11484375 0.23125
21 0.73203125 0.44453125 0.12734375 0.2265625
21 0.89375 0.46328125 0.11484375 0.2234375
21 0.0515625 0.85859375 0.103125 0.2828125
21 0.20234375 0.859375 0.19453125 0.28125
21 0.39609375 0.85859375 0.19453125 0.2828125
21 0.5734375 0.85625 0.190625 0.2875
21 0.7453125 0.85546875 0.19453125 0.2890625
21 0.765625 0.09296875 0.28828125 0.1859375
21 0.46875 0.0828125 0.09453125 0.1375
21 0.35 0.06953125 0.128125 0.1390625
21 0.17265625 0.0671875 0.15546875 0.13359375