21 0.11953125 0.07734375 0.171875 0.1546875
21 0.2828125 0.07421875 0.153125 0.1484375
21 0.4203125 0.075 0.134375 0.15
21 0.56796875 0.07265625 0.1453125 0.1453125
21 0.74140625 0.0703125 0.1671875 0.140625
21 0.9109375 0.065625 0.178125 0.13046875
21 0.17421875 0.5046875 0.1921875 0.3
21 0.33203125 0.4953125 0.16328125 0.3
21 0.48984375 0.4625 0.1578125 0.27421875
21 0.69296875 0.54921875 0.20859375 0.2125
21 0.88046875 0.54296875 0.22734375 0.2171875
21 0.36875 0.871875 0.1390625 0.25625
21 0.4953125 0.86796875 0.13125 0.24609375
21 0.6390625 0.87578125 0.11875 0.2484375
21 0.75234375 0.86171875 0.1109375 0.23125
21 0.87421875 0.86171875 0.125 0.23125
21 0.1546875 0.83828125 0.1328125 0.165625
21 0.25546875 0.84140625 0.1046875 0.17421875