21 0.1015625 0.79609375 0.165625 0.209375
21 0.2203125 0.79609375 0.14921875 0.21875
21 0.34296875 0.840625 0.165625 0.3015625
21 0.48671875 0.82421875 0.15546875 0.284375
21 0.6625 0.8484375 0.16796875 0.30234375
21 0.80703125 0.81875 0.1375 0.27890625
21 0.92265625 0.82109375 0.1546875 0.2921875
21 0.1109375 0.38828125 0.221875 0.3640625
21 0.29296875 0.378125 0.2171875 0.359375
21 0.4890625 0.35859375 0.171875 0.32109375
21 0.7421875 0.43515625 0.28203125 0.25703125
21 0.92109375 0.43046875 0.1578125 0.28125
21 0.76953125 0.2453125 0.16171875 0.1375