3 0.078125 0.76328125 0.15625 0.3671875
3 0.20703125 0.77109375 0.184375 0.3734375
3 0.38515625 0.7984375 0.2328125 0.403125
3 0.08671875 0.440625 0.1734375 0.30390625
3 0.2453125 0.44375 0.1703125 0.2859375
3 0.41171875 0.43359375 0.1828125 0.31796875
3 0.5953125 0.5046875 0.23046875 0.38359375
3 0.58359375 0.79765625 0.21015625 0.36484375
3 0.784375 0.4203125 0.1921875 0.2671875
3 0.7671875 0.653125 0.1640625 0.23046875
3 0.753125 0.8109375 0.178125 0.24453125
3 0.9328125 0.4375 0.134375 0.29765625
3 0.91875 0.65234375 0.1625 0.2578125
3 0.9046875 0.8421875 0.18125 0.22421875