3 0.09296875 0.35 0.17578125 0.215625
3 0.26875 0.35546875 0.24921875 0.26015625
3 0.46328125 0.11875 0.2390625 0.2375
3 0.475 0.346875 0.22109375 0.26015625
3 0.68125 0.11328125 0.228125 0.2265625
3 0.6796875 0.34453125 0.21484375 0.27109375
3 0.89453125 0.10078125 0.2109375 0.20078125
3 0.89609375 0.33671875 0.2078125 0.2765625
3 0.05234375 0.85 0.1046875 0.259375
3 0.07109375 0.64921875 0.1421875 0.1578125
3 0.22421875 0.6484375 0.19453125 0.15625
3 0.17421875 0.84921875 0.1921875 0.24453125
3 0.38359375 0.86015625 0.24765625 0.2796875
3 0.61484375 0.69140625 0.271875 0.24140625
3 0.62109375 0.87578125 0.2609375 0.2484375
3 0.8453125 0.6421875 0.2234375 0.16796875
3 0.8421875 0.78046875 0.22109375 0.15625
3 0.83125 0.89609375 0.22734375 0.15625