3 0.128125 0.8765625 0.25625 0.246875
3 0.32578125 0.728125 0.290625 0.2359375
3 0.34609375 0.90390625 0.265625 0.1921875
3 0.54921875 0.66484375 0.20703125 0.146875
3 0.546875 0.79921875 0.20703125 0.1515625
3 0.56796875 0.9 0.20703125 0.16015625
3 0.7484375 0.66484375 0.21328125 0.159375
3 0.75390625 0.7953125 0.2234375 0.14375
3 0.74453125 0.90234375 0.2046875 0.15
3 0.1234375 0.1390625 0.246875 0.278125
3 0.153125 0.390625 0.24765625 0.26640625
3 0.33046875 0.13671875 0.2390625 0.27265625
3 0.3484375 0.3828125 0.22109375 0.24296875
3 0.57578125 0.125 0.30078125 0.25
3 0.58828125 0.37734375 0.284375 0.26328125
3 0.86171875 0.36171875 0.2765625 0.275