3 0.11015625 0.3328125 0.18828125 0.3109375
3 0.090625 0.60546875 0.18125 0.31640625
3 0.26875 0.33984375 0.15625 0.28984375
3 0.25078125 0.61953125 0.1828125 0.29375
3 0.40234375 0.44609375 0.13515625 0.1875
3 0.41328125 0.6578125 0.1515625 0.23203125
3 0.52890625 0.46015625 0.12890625 0.2
3 0.54140625 0.65390625 0.14140625 0.2203125
3 0.65625 0.4265625 0.14140625 0.20625
3 0.68125 0.64453125 0.1703125 0.246875
3 0.7796875 0.3484375 0.1765625 0.2671875
3 0.80546875 0.603125 0.1703125 0.29765625
3 0.93515625 0.60703125 0.1296875 0.28984375