22 0.09765625 0.62109375 0.1953125 0.2140625
22 0.08125 0.84921875 0.1625 0.24140625
22 0.25390625 0.6921875 0.1921875 0.17578125
22 0.2421875 0.8703125 0.20078125 0.18984375
22 0.42578125 0.87578125 0.17578125 0.2
22 0.4328125 0.69453125 0.17421875 0.17109375
22 0.6125 0.69453125 0.1859375 0.18671875
22 0.609375 0.8796875 0.184375 0.2171875
22 0.79609375 0.69609375 0.190625 0.18046875
22 0.80546875 0.884375 0.20859375 0.2078125
22 0.9328125 0.6265625 0.134375 0.21875
22 0.94375 0.8625 0.1125 0.25078125
22 0.11484375 0.19609375 0.16328125 0.18984375
22 0.09296875 0.3609375 0.17578125 0.18203125
22 0.27421875 0.19296875 0.1515625 0.19453125
22 0.26015625 0.3609375 0.184375 0.18828125
22 0.46015625 0.22734375 0.12265625 0.11640625
22 0.42890625 0.35546875 0.178125 0.17421875
22 0.58984375 0.171875 0.16171875 0.18984375
22 0.59765625 0.3453125 0.1515625 0.18359375
22 0.77109375 0.17265625 0.18828125 0.209375
22 0.77578125 0.34296875 0.18671875 0.18515625
22 0.91953125 0.15703125 0.1609375 0.1921875
22 0.934375 0.3359375 0.13125 0.19296875