3 0.10078125 0.375 0.20078125 0.25546875
3 0.32421875 0.35 0.19453125 0.23828125
3 0.51484375 0.36015625 0.22265625 0.26328125
3 0.7484375 0.12578125 0.23359375 0.2515625
3 0.36328125 0.1453125 0.1328125 0.16953125
3 0.72734375 0.36796875 0.21875 0.25078125
3 0.9078125 0.36484375 0.184375 0.24453125
3 0.91796875 0.125 0.1640625 0.25
3 0.0671875 0.8375 0.13359375 0.24609375
3 0.203125 0.8328125 0.2125 0.24609375
3 0.3890625 0.83515625 0.17578125 0.25078125
3 0.5890625 0.853125 0.23359375 0.2890625
3 0.8234375 0.69453125 0.2640625 0.2328125
3 0.81015625 0.8765625 0.23359375 0.2046875