3 0.09921875 0.13203125 0.19765625 0.2640625
3 0.05390625 0.8390625 0.1078125 0.3
3 0.16640625 0.8359375 0.175 0.2734375
3 0.07109375 0.590625 0.14140625 0.228125
3 0.1953125 0.58125 0.14140625 0.221875
3 0.31015625 0.52421875 0.13203125 0.26328125
3 0.4375 0.53671875 0.12890625 0.27109375
3 0.34453125 0.82734375 0.1640625 0.3140625
3 0.571875 0.80078125 0.14765625 0.35859375
3 0.56796875 0.5125 0.13671875 0.2546875
3 0.715625 0.509375 0.15234375 0.27734375
3 0.84765625 0.5125 0.15703125 0.275
3 0.72421875 0.79921875 0.1734375 0.346875
3 0.87578125 0.8171875 0.184375 0.3421875
3 0.61484375 0.12265625 0.165625 0.2453125
3 0.77421875 0.125 0.184375 0.25