3 0.17734375 0.5125 0.1578125 0.24296875
3 0.17734375 0.73046875 0.1671875 0.25078125
3 0.33125 0.51484375 0.153125 0.2609375
3 0.33125 0.74765625 0.175 0.25234375
3 0.48515625 0.5234375 0.1796875 0.24453125
3 0.4765625 0.74921875 0.1640625 0.2546875
3 0.2296875 0.28125 0.14609375 0.21015625
3 0.3609375 0.28125 0.13515625 0.19375
3 0.4953125 0.28515625 0.14140625 0.2015625
3 0.67421875 0.1953125 0.20078125 0.27578125
3 0.8765625 0.1921875 0.19375 0.2859375
3 0.70703125 0.49375 0.2515625 0.3328125
3 0.91484375 0.496875 0.1703125 0.34375
3 0.6953125 0.790625 0.2375 0.3546875
3 0.9046875 0.809375 0.190625 0.38125