3 0.08671875 0.55078125 0.1734375 0.34453125
3 0.09921875 0.81328125 0.1984375 0.3140625
3 0.25546875 0.53515625 0.18828125 0.35
3 0.26953125 0.81015625 0.1640625 0.30390625
3 0.4171875 0.54453125 0.18125 0.36953125
3 0.42265625 0.84921875 0.1640625 0.30078125
3 0.5921875 0.4734375 0.14453125 0.3125
3 0.57890625 0.80546875 0.1640625 0.3671875
3 0.74921875 0.82109375 0.1734375 0.3578125
3 0.7375 0.475 0.15625 0.31640625
3 0.8703125 0.4515625 0.14609375 0.31015625
3 0.88984375 0.79609375 0.1765625 0.353125