3 0.08046875 0.4421875 0.1609375 0.18125
3 0.07734375 0.62109375 0.1546875 0.1734375
3 0.078125 0.784375 0.15625 0.1875
3 0.23828125 0.24765625 0.18125 0.21640625
3 0.2390625 0.44375 0.1859375 0.1875
3 0.24140625 0.609375 0.18125 0.1953125
3 0.24609375 0.78359375 0.175 0.19375
3 0.421875 0.36171875 0.178125 0.36328125
3 0.41953125 0.703125 0.1609375 0.334375
3 0.58515625 0.3671875 0.1671875 0.365625
3 0.5859375 0.696875 0.15625 0.33828125
3 0.7921875 0.31484375 0.23515625 0.3875
3 0.7703125 0.68046875 0.21328125 0.37109375
3 0.9421875 0.33359375 0.115625 0.3796875
3 0.93828125 0.6796875 0.1234375 0.38125