3 0.1140625 0.6640625 0.22734375 0.32421875
3 0.1125 0.88515625 0.225 0.2265625
3 0.3640625 0.64609375 0.31484375 0.3203125
3 0.378125 0.87734375 0.303125 0.2453125
3 0.66875 0.63203125 0.31875 0.3046875
3 0.68046875 0.87421875 0.3234375 0.2515625
3 0.91796875 0.69140625 0.1640625 0.17734375
3 0.92265625 0.834375 0.1546875 0.153125
3 0.925 0.93359375 0.15 0.1328125
3 0.48203125 0.1765625 0.23671875 0.28046875
3 0.69453125 0.1984375 0.18828125 0.2375
3 0.91171875 0.16171875 0.1765625 0.28046875
3 0.2234375 0.17578125 0.259375 0.296875