3 0.165625 0.51171875 0.2625 0.41015625
3 0.1765625 0.83203125 0.2453125 0.33515625
3 0.40234375 0.4984375 0.22734375 0.3875
3 0.40546875 0.83125 0.21328125 0.3375
3 0.6171875 0.48359375 0.21328125 0.36484375
3 0.62421875 0.8125 0.20859375 0.37421875
3 0.8046875 0.56796875 0.171875 0.1796875
3 0.80390625 0.7296875 0.1703125 0.17890625
3 0.80390625 0.88046875 0.15859375 0.19921875
3 0.934375 0.4 0.13125 0.17734375
3 0.93984375 0.56953125 0.1203125 0.18984375
3 0.946875 0.72421875 0.10625 0.19765625
3 0.9421875 0.87421875 0.115625 0.19140625