22 0.10625 0.5515625 0.15625 0.253125
22 0.065625 0.834375 0.13125 0.30390625
22 0.23828125 0.55078125 0.15 0.246875
22 0.3734375 0.5578125 0.13671875 0.25703125
22 0.49296875 0.5546875 0.13359375 0.2671875
22 0.20078125 0.8265625 0.1546875 0.30390625
22 0.34921875 0.82890625 0.1515625 0.3078125
22 0.496875 0.82890625 0.14453125 0.315625
22 0.6125 0.5859375 0.12109375 0.21015625
22 0.634375 0.83203125 0.15234375 0.3015625
22 0.753125 0.54765625 0.159375 0.2609375
22 0.77890625 0.8265625 0.16875 0.30390625
22 0.88671875 0.54296875 0.1640625 0.2546875
22 0.9234375 0.82578125 0.15234375 0.31015625