3 0.03671875 0.18125 0.07265625 0.234375
3 0.0421875 0.39921875 0.084375 0.2265625
3 0.12578125 0.190625 0.12109375 0.23671875
3 0.134375 0.3984375 0.13359375 0.21640625
3 0.25 0.1640625 0.153125 0.24453125
3 0.2609375 0.40078125 0.153125 0.23671875
3 0.396875 0.17109375 0.14921875 0.259375
3 0.4015625 0.4078125 0.13984375 0.23046875
3 0.54765625 0.1765625 0.14453125 0.253125
3 0.53828125 0.403125 0.14765625 0.2328125
3 0.6734375 0.25859375 0.1109375 0.1203125
3 0.6640625 0.3640625 0.1078125 0.11015625
3 0.6578125 0.46328125 0.1046875 0.1078125
3 0.78203125 0.14140625 0.12578125 0.15078125
3 0.77734375 0.25078125 0.1171875 0.140625
3 0.76953125 0.36484375 0.1046875 0.12421875
3 0.7609375 0.46015625 0.109375 0.121875
3 0.88515625 0.20546875 0.12421875 0.23046875
3 0.86796875 0.4171875 0.1046875 0.21640625
3 0.95234375 0.42578125 0.0953125 0.2234375
3 0.06171875 0.72421875 0.1234375 0.221875
3 0.07265625 0.8953125 0.12265625 0.1921875
3 0.19453125 0.68046875 0.090625 0.17109375
3 0.25859375 0.88046875 0.10625 0.22421875
3 0.3515625 0.7140625 0.1046875 0.21796875
3 0.35390625 0.890625 0.103125 0.20390625
3 0.4484375 0.71953125 0.090625 0.2078125
3 0.44609375 0.8859375 0.0796875 0.19375
3 0.53984375 0.71796875 0.0890625 0.2140625
3 0.52890625 0.89296875 0.0859375 0.18359375
3 0.61796875 0.684375 0.06171875 0.15859375
3 0.6140625 0.82734375 0.078125 0.1625
3 0.68984375 0.68125 0.0984375 0.1734375
3 0.684375 0.8296875 0.1 0.1625
3 0.93203125 0.684375 0.1140625 0.15859375
3 0.91796875 0.859375 0.0984375 0.21015625
3 0.80625 0.85078125 0.178125 0.25390625