3 0.9359375 0.1265625 0.128125 0.253125
3 0.79921875 0.125 0.14609375 0.25
3 0.65546875 0.1234375 0.1421875 0.246875
3 0.5109375 0.1234375 0.146875 0.246875
3 0.15234375 0.15546875 0.30390625 0.159375
3 0.078125 0.534375 0.15390625 0.153125
3 0.07890625 0.67265625 0.1578125 0.1578125
3 0.07734375 0.8125 0.1546875 0.1625
3 0.07734375 0.93046875 0.1546875 0.1390625
3 0.221875 0.853125 0.140625 0.29375
3 0.3640625 0.615625 0.14140625 0.3015625
3 0.36171875 0.86484375 0.14921875 0.2703125
3 0.50390625 0.61953125 0.12734375 0.28125
3 0.4984375 0.871875 0.14140625 0.25625
3 0.65859375 0.58671875 0.20078125 0.30625
3 0.6609375 0.85859375 0.19609375 0.28203125
3 0.8453125 0.58984375 0.1890625 0.3078125
3 0.8375 0.8609375 0.19375 0.278125