3 0.22890625 0.31796875 0.2109375 0.240625
3 0.22890625 0.11171875 0.2078125 0.2234375
3 0.42578125 0.12109375 0.20859375 0.2421875
3 0.4296875 0.32734375 0.18828125 0.215625
3 0.621875 0.13125 0.17578125 0.23125
3 0.61953125 0.33359375 0.184375 0.215625
3 0.815625 0.14453125 0.18046875 0.2296875
3 0.81484375 0.34140625 0.18671875 0.209375
3 0.0546875 0.7125 0.109375 0.24765625
3 0.2140625 0.7109375 0.1984375 0.25078125
3 0.43828125 0.68671875 0.27421875 0.25703125
3 0.684375 0.68515625 0.23984375 0.26953125
3 0.68125 0.89609375 0.2375 0.2078125
3 0.4328125 0.8953125 0.23125 0.209375
3 0.2078125 0.90546875 0.18203125 0.1890625
3 0.9078125 0.68515625 0.184375 0.24453125
3 0.9015625 0.89296875 0.196875 0.21328125