3 0.22890625 0.66640625 0.27578125 0.28125
3 0.2328125 0.88046875 0.2625 0.2390625
3 0.50546875 0.6609375 0.265625 0.27890625
3 0.49609375 0.88671875 0.25546875 0.22578125
3 0.73203125 0.71953125 0.20859375 0.1546875
3 0.734375 0.84375 0.20859375 0.1484375
3 0.734375 0.940625 0.20859375 0.11875
3 0.91171875 0.6109375 0.1765625 0.1484375
3 0.91796875 0.73046875 0.1640625 0.1515625
3 0.921875 0.8484375 0.15546875 0.1421875
3 0.91875 0.940625 0.16171875 0.11875
3 0.12421875 0.2765625 0.22109375 0.25703125
3 0.35234375 0.27890625 0.2046875 0.2328125
3 0.13125 0.0875 0.22109375 0.17421875
3 0.353125 0.09140625 0.20234375 0.1828125
3 0.534375 0.296875 0.16015625 0.203125
3 0.5375 0.10390625 0.15546875 0.20703125
3 0.753125 0.0921875 0.2109375 0.184375
3 0.7484375 0.2796875 0.22109375 0.228125
3 0.92265625 0.28125 0.1546875 0.2375
3 0.9421875 0.2078125 0.00078125 0.06640625
3 0.90234375 0.10546875 0.10859375 0.1640625