3 0.128125 0.25546875 0.19609375 0.2609375
3 0.09609375 0.45625 0.1921875 0.2609375
3 0.2859375 0.2546875 0.18125 0.259375
3 0.26015625 0.44375 0.20078125 0.253125
3 0.43046875 0.271875 0.13359375 0.2328125
3 0.42265625 0.4578125 0.13671875 0.2328125
3 0.55 0.29765625 0.115625 0.2265625
3 0.54921875 0.4765625 0.11328125 0.1875
3 0.66953125 0.296875 0.13359375 0.2328125
3 0.6828125 0.4671875 0.14296875 0.20546875
3 0.7828125 0.24453125 0.13671875 0.13671875
3 0.796875 0.33515625 0.13203125 0.121875
3 0.8953125 0.475 0.1875 0.17734375
3 0.5703125 0.8390625 0.16875 0.32109375
3 0.72734375 0.83984375 0.1859375 0.3203125
3 0.89921875 0.83515625 0.2015625 0.3296875