3 0.0671875 0.1421875 0.13359375 0.284375
3 0.084375 0.3953125 0.16875 0.2625
3 0.2234375 0.11484375 0.13671875 0.22890625
3 0.33671875 0.3734375 0.1484375 0.29609375
3 0.35 0.11953125 0.11953125 0.2390625
3 0.47109375 0.1421875 0.14765625 0.284375
3 0.47109375 0.39296875 0.13515625 0.26484375
22 0.61953125 0.1359375 0.13828125 0.271875
22 0.60625 0.38515625 0.1125 0.246875
22 0.7265625 0.38984375 0.14140625 0.246875
22 0.74765625 0.13125 0.15078125 0.26171875
22 0.84453125 0.11953125 0.0984375 0.2390625
22 0.8125 0.33984375 0.0890625 0.2078125
22 0.9109375 0.346875 0.13828125 0.2265625
22 0.9359375 0.11796875 0.128125 0.23515625
3 0.028125 0.75625 0.05546875 0.1921875
3 0.10625 0.84296875 0.12265625 0.19765625
3 0.12890625 0.696875 0.11796875 0.12265625
3 0.2109375 0.81875 0.12109375 0.18125
3 0.31015625 0.8828125 0.1046875 0.234375
3 0.4078125 0.7484375 0.11953125 0.24453125
3 0.4109375 0.91171875 0.1078125 0.1765625
3 0.51875 0.75 0.1078125 0.23671875
3 0.51875 0.91484375 0.1078125 0.1703125
3 0.6296875 0.74296875 0.1 0.1859375
3 0.62109375 0.86640625 0.0921875 0.13828125
3 0.61484375 0.94375 0.0984375 0.1125
3 0.715625 0.72734375 0.115625 0.17578125
3 0.7078125 0.85546875 0.09375 0.1328125
3 0.81953125 0.7328125 0.115625 0.1859375
3 0.8 0.85859375 0.0984375 0.1265625
3 0.89375 0.878125 0.12890625 0.24375
3 0.7859375 0.940625 0.09375 0.11875
3 0.70546875 0.92890625 0.0890625 0.1203125