3 0.059375 0.12421875 0.11875 0.17734375
3 0.0609375 0.28828125 0.121875 0.1796875
3 0.0671875 0.4296875 0.13359375 0.1671875
3 0.178125 0.12734375 0.19296875 0.21640625
3 0.1796875 0.28359375 0.178125 0.17734375
3 0.19765625 0.4296875 0.1578125 0.18359375
3 0.34375 0.278125 0.1625 0.21640625
3 0.34453125 0.43984375 0.1609375 0.1796875
3 0.50859375 0.12890625 0.1671875 0.2578125
3 0.4921875 0.3734375 0.159375 0.30390625
3 0.76328125 0.36796875 0.190625 0.3265625
3 0.9296875 0.13515625 0.13984375 0.2703125
3 0.90703125 0.3875 0.1859375 0.275
3 0.08984375 0.72890625 0.13671875 0.22265625
3 0.1015625 0.86953125 0.11953125 0.14453125
3 0.20625 0.7328125 0.11953125 0.2140625
3 0.2125 0.86875 0.11796875 0.13828125
3 0.32578125 0.74609375 0.11953125 0.2
3 0.31875 0.88203125 0.11171875 0.13671875
3 0.42734375 0.846875 0.109375 0.2015625
3 0.4328125 0.68671875 0.0953125 0.13828125
3 0.52734375 0.81328125 0.0890625 0.2
3 0.62890625 0.88203125 0.1140625 0.23515625
3 0.76640625 0.76328125 0.14453125 0.24296875
3 0.88359375 0.76875 0.15859375 0.24453125
3 0.73359375 0.91953125 0.1265625 0.1609375
3 0.8390625 0.91953125 0.128125 0.1609375
3 0.94140625 0.88046875 0.1140625 0.1328125
3 0.96015625 0.7484375 0.07890625 0.19609375