13 0.13828125 0.121875 0.14140625 0.24375
13 0.26640625 0.11875 0.11484375 0.2375
13 0.3890625 0.1171875 0.13671875 0.22890625
13 0.51171875 0.115625 0.11953125 0.23125
13 0.63046875 0.11796875 0.1109375 0.23515625
13 0.775 0.115625 0.1640625 0.23125
13 0.92890625 0.121875 0.1421875 0.23515625
13 0.93984375 0.58046875 0.0984375 0.44453125
13 0.83828125 0.578125 0.0890625 0.43671875
13 0.7546875 0.60390625 0.1078125 0.48359375
13 0.64375 0.61015625 0.12265625 0.49609375
13 0.53984375 0.75234375 0.12890625 0.3140625
13 0.42265625 0.715625 0.11484375 0.28984375
13 0.32109375 0.71953125 0.11953125 0.28984375
13 0.20625 0.72265625 0.11640625 0.2953125