13 0.0734375 0.08671875 0.140625 0.17265625
13 0.1875 0.08203125 0.1 0.1640625
13 0.27734375 0.69140625 0.14375 0.33203125
13 0.39140625 0.73046875 0.15546875 0.3609375
13 0.5390625 0.73203125 0.15234375 0.37421875
13 0.68125 0.7265625 0.15703125 0.37421875
13 0.8390625 0.7203125 0.1765625 0.37890625
13 0.32734375 0.08125 0.12578125 0.16171875
13 0.465625 0.07734375 0.15625 0.1546875
13 0.63359375 0.0734375 0.1625 0.146875
13 0.80078125 0.06953125 0.1625 0.1390625
13 0.9390625 0.5578125 0.121875 0.5625