22 0.89296875 0.54765625 0.14609375 0.27734375
22 0.90234375 0.82890625 0.14296875 0.30390625
22 0.7625 0.82890625 0.14921875 0.31171875
22 0.6296875 0.81875 0.12109375 0.31171875
22 0.49609375 0.8375 0.13984375 0.29765625
22 0.5 0.5359375 0.13828125 0.29375
22 0.3609375 0.54375 0.14453125 0.28984375
22 0.353125 0.84296875 0.153125 0.31171875
22 0.18671875 0.8390625 0.1515625 0.32109375
22 0.21484375 0.53671875 0.12578125 0.246875
22 0.09375 0.5359375 0.12578125 0.2609375
22 0.08125 0.7953125 0.10859375 0.2734375
22 0.1390625 0.140625 0.1546875 0.27109375
22 0.27890625 0.1640625 0.1515625 0.22890625
22 0.425 0.16484375 0.13828125 0.2265625
22 0.7546875 0.3890625 0.00859375 0.00390625
22 0.94140625 0.1625 0.1171875 0.275
22 0.5625 0.18125 0.13203125 0.2265625
22 0.81640625 0.1609375 0.1375 0.265625
22 0.709375 0.19140625 0.0015625 0.05546875