22 0.81171875 0.1390625 0.18984375 0.25703125
22 0.60859375 0.13359375 0.2125 0.26640625
22 0.4 0.13984375 0.20859375 0.26171875
22 0.05546875 0.38984375 0.11015625 0.225
22 0.20859375 0.38671875 0.19609375 0.23125
22 0.39609375 0.38359375 0.18828125 0.23125
22 0.59453125 0.38359375 0.20859375 0.234375
22 0.8078125 0.38671875 0.17734375 0.23125
22 0.9484375 0.384375 0.103125 0.2296875
22 0.05 0.68828125 0.1 0.215625
22 0.05703125 0.88203125 0.1140625 0.21484375
22 0.21328125 0.696875 0.2265625 0.2296875
22 0.21640625 0.88828125 0.2203125 0.2203125
22 0.43671875 0.70078125 0.2203125 0.221875
22 0.4421875 0.884375 0.22265625 0.23125
22 0.659375 0.69453125 0.2125 0.21328125
22 0.66171875 0.87890625 0.20859375 0.20703125
22 0.83203125 0.77734375 0.165625 0.20703125