5 0.1390625 0.4578125 0.278125 0.2234375
5 0.43125 0.46875 0.24921875 0.20546875
5 0.47109375 0.30234375 0.21484375 0.06875
5 0.2125 0.21796875 0.2734375 0.078125
5 0.50078125 0.24921875 0.18359375 0.03203125
5 0.315625 0.16875 0.20625 0.03671875
5 0.721875 0.23359375 0.18203125 0.05390625
5 0.93203125 0.39140625 0.1359375 0.21875
5 0.95625 0.240625 0.08671875 0.0765625
5 0.26484375 0.89609375 0.34921875 0.15625
5 0.659375 0.921875 0.36796875 0.12578125
5 0.6640625 0.765625 0.33125 0.0953125
5 0.9265625 0.76640625 0.14609375 0.075
5 0.9296875 0.91328125 0.13984375 0.10078125