5 0.32734375 0.2296875 0.3015625 0.17265625
5 0.10546875 0.271875 0.1390625 0.075
5 0.61953125 0.2328125 0.2796875 0.1578125
5 0.88125 0.21484375 0.2375 0.203125
5 0.1421875 0.63828125 0.2015625 0.11171875
5 0.16171875 0.7328125 0.18671875 0.11171875
5 0.15625 0.8265625 0.1921875 0.1171875
5 0.04375 0.75390625 0.0875 0.09765625
5 0.034375 0.65390625 0.06875 0.0859375
5 0.34375 0.63984375 0.1890625 0.11171875
5 0.34921875 0.72890625 0.18203125 0.1078125
5 0.33359375 0.8734375 0.225 0.1484375
5 0.53125 0.6390625 0.18515625 0.1046875
5 0.56015625 0.76171875 0.21953125 0.13203125
5 0.5546875 0.871875 0.221875 0.1453125
5 0.7671875 0.75625 0.21640625 0.1375
5 0.77109375 0.865625 0.21640625 0.146875
5 0.68046875 0.6203125 0.14296875 0.096875
5 0.8421875 0.61953125 0.1625 0.0953125
5 0.93515625 0.740625 0.12890625 0.146875
5 0.9375 0.853125 0.125 0.15390625