5 0.9171875 0.63046875 0.165625 0.1171875
5 0.928125 0.746875 0.14296875 0.12109375
5 0.9359375 0.859375 0.128125 0.11953125
5 0.784375 0.8625 0.18984375 0.1453125
5 0.7796875 0.7421875 0.1828125 0.14140625
5 0.684375 0.6203125 0.15078125 0.096875
5 0.58515625 0.7578125 0.2125 0.13203125
5 0.5828125 0.87421875 0.21328125 0.14140625
5 0.36796875 0.8828125 0.2234375 0.15078125
5 0.525 0.6234375 0.15546875 0.09296875
5 0.37109375 0.76875 0.21953125 0.14296875
5 0.36015625 0.64375 0.18828125 0.10625
5 0.16484375 0.64921875 0.20703125 0.1171875
5 0.1734375 0.7375 0.19375 0.11328125
5 0.134375 0.890625 0.23828125 0.1609375
5 0.14375 0.21875 0.28671875 0.171875
5 0.43515625 0.23359375 0.28984375 0.16484375
5 0.7328125 0.22109375 0.303125 0.19765625
5 0.9453125 0.2390625 0.109375 0.18125