5 0.1171875 0.32578125 0.165625 0.08125
5 0.39296875 0.29296875 0.40625 0.14375
5 0.79921875 0.2765625 0.4015625 0.1453125
5 0.18046875 0.58515625 0.24296875 0.0859375
5 0.43828125 0.5890625 0.24453125 0.09296875
5 0.44765625 0.6515625 0.2296875 0.0875
5 0.4296875 0.77421875 0.2828125 0.12265625
5 0.73203125 0.70234375 0.3125 0.1234375
5 0.7265625 0.78359375 0.30546875 0.125
5 0.69375 0.5875 0.2578125 0.08828125
5 0.9359375 0.69921875 0.12734375 0.1171875
5 0.9390625 0.78359375 0.121875 0.12109375
5 0.8953125 0.56328125 0.209375 0.0765625
5 0.20859375 0.65859375 0.23671875 0.0796875
5 0.21015625 0.72109375 0.23671875 0.096875