5 0.09296875 0.32421875 0.1859375 0.12734375
5 0.3859375 0.31875 0.39609375 0.13203125
5 0.7921875 0.29453125 0.415625 0.1734375
5 0.09609375 0.6171875 0.1921875 0.09375
5 0.1 0.68125 0.19921875 0.08671875
5 0.08125 0.80078125 0.1625 0.13125
5 0.315625 0.6109375 0.2453125 0.0859375
5 0.31015625 0.72265625 0.2859375 0.115625
5 0.30859375 0.80078125 0.29375 0.12265625
5 0.59375 0.709375 0.278125 0.11015625
5 0.59609375 0.79453125 0.284375 0.1140625
5 0.54296875 0.58203125 0.2078125 0.08046875
5 0.7625 0.5890625 0.190625 0.06796875
5 0.86015625 0.69296875 0.2578125 0.13046875
5 0.86796875 0.7875 0.2640625 0.121875