5 0.15390625 0.3171875 0.3078125 0.140625
5 0.53515625 0.3015625 0.44375 0.165625
5 0.8875 0.30390625 0.225 0.1578125
5 0.09375 0.61640625 0.1875 0.09453125
5 0.08515625 0.7328125 0.1703125 0.11875
5 0.0859375 0.8125 0.171875 0.13203125
5 0.31796875 0.5875 0.22421875 0.075
5 0.31640625 0.71953125 0.2953125 0.115625
5 0.31953125 0.8046875 0.29375 0.12265625
5 0.53125 0.590625 0.1890625 0.078125
5 0.58359375 0.69921875 0.24453125 0.125
5 0.6 0.7890625 0.25234375 0.13125
5 0.82578125 0.61640625 0.25234375 0.1140625
5 0.828125 0.69453125 0.25703125 0.1171875
5 0.8453125 0.78203125 0.25078125 0.1234375