0 0.07421875 0.759375 0.1484375 0.240625
0 0.07890625 0.88203125 0.15703125 0.178125
0 0.225 0.8734375 0.1703125 0.240625
0 0.39609375 0.81796875 0.17578125 0.23828125
0 0.396875 0.63359375 0.153125 0.1671875
0 0.57421875 0.7984375 0.17890625 0.26015625
0 0.76015625 0.784375 0.19375 0.2671875
0 0.7453125 0.90703125 0.16875 0.16640625
0 0.20625 0.3875 0.32890625 0.16484375
0 0.55078125 0.39296875 0.34609375 0.159375
0 0.83203125 0.3921875 0.27890625 0.15
0 0.91640625 0.9015625 0.16640625 0.16328125
0 0.05546875 0.2171875 0.1109375 0.18359375