0 0.084375 0.31171875 0.16875 0.2203125
0 0.09765625 0.42109375 0.1953125 0.1796875
0 0.28828125 0.240625 0.17890625 0.1703125
0 0.29296875 0.3734375 0.175 0.11875
0 0.51796875 0.40234375 0.30703125 0.18125
0 0.8359375 0.3890625 0.328125 0.16640625
0 0.1078125 0.83359375 0.215625 0.26953125
0 0.31015625 0.8015625 0.20234375 0.27109375
0 0.496875 0.8859375 0.17890625 0.228125
0 0.67734375 0.8359375 0.190625 0.25859375
0 0.878125 0.8078125 0.2125 0.26796875
0 0.61875 0.665625 0.15546875 0.14453125