0 0.29296875 0.1640625 0.1625 0.12421875
0 0.28984375 0.27421875 0.15625 0.115625
0 0.44453125 0.27109375 0.14921875 0.11953125
0 0.434375 0.39375 0.1359375 0.128125
0 0.76015625 0.2890625 0.47890625 0.315625
0 0.2890625 0.38671875 0.146875 0.11953125
0 0.13203125 0.384375 0.15703125 0.12265625
0 0.0359375 0.27890625 0.071875 0.10859375
0 0.06640625 0.21015625 0.1328125 0.1046875
0 0.18203125 0.2078125 0.10078125 0.096875
0 0.18046875 0.29609375 0.096875 0.08828125
0 0.0984375 0.6890625 0.196875 0.19296875
0 0.10859375 0.86171875 0.2171875 0.25625
0 0.3796875 0.79609375 0.309375 0.178125
0 0.6640625 0.89296875 0.3046875 0.18515625
0 0.884375 0.875 0.23125 0.17578125
0 0.44609375 0.190625 0.1171875 0.08984375