22 0.09765625 0.1765625 0.171875 0.228125
22 0.2671875 0.165625 0.18359375 0.19921875
22 0.2421875 0.3765625 0.20234375 0.2421875
22 0.090625 0.3875 0.140625 0.20546875
22 0.46953125 0.1296875 0.2125 0.25859375
22 0.675 0.12890625 0.20234375 0.25703125
22 0.678125 0.36953125 0.2 0.2390625
22 0.8734375 0.37109375 0.18984375 0.234375
22 0.47265625 0.3765625 0.18984375 0.2421875
22 0.81484375 0.6875 0.240625 0.2296875
22 0.80703125 0.88046875 0.22890625 0.2296875
22 0.57890625 0.8703125 0.2265625 0.259375
22 0.3421875 0.8734375 0.22265625 0.25234375
22 0.11953125 0.86015625 0.21875 0.253125