22 0.25390625 0.51953125 0.2 0.3203125
22 0.25859375 0.828125 0.19375 0.31875
22 0.103125 0.7609375 0.1265625 0.30234375
22 0.45078125 0.5265625 0.190625 0.31171875
22 0.44765625 0.82421875 0.18359375 0.3203125
22 0.62734375 0.51796875 0.16015625 0.27890625
22 0.62578125 0.7859375 0.159375 0.2890625
22 0.840625 0.52734375 0.215625 0.328125
22 0.83203125 0.8328125 0.20859375 0.334375
22 0.96171875 0.82109375 0.0765625 0.3046875
22 0.8515625 0.0875 0.2 0.175
22 0.64609375 0.08359375 0.21015625 0.1671875
22 0.43828125 0.08203125 0.203125 0.16328125
22 0.215625 0.0765625 0.22265625 0.15234375