0 0.78046875 0.7640625 0.36640625 0.209375
0 0.44296875 0.65625 0.22265625 0.18515625
0 0.43828125 0.846875 0.23515625 0.1984375
0 0.225 0.67109375 0.21015625 0.16328125
0 0.21484375 0.8421875 0.20546875 0.1671875
0 0.0625 0.6609375 0.12421875 0.14296875
0 0.05859375 0.81015625 0.11640625 0.15234375
0 0.728125 0.06640625 0.17265625 0.1328125
0 0.8921875 0.18046875 0.18984375 0.1484375
0 0.88515625 0.3078125 0.18359375 0.1390625
0 0.7109375 0.309375 0.17578125 0.13359375
0 0.71484375 0.1828125 0.16953125 0.125
0 0.54765625 0.31015625 0.16328125 0.1359375
0 0.39296875 0.309375 0.159375 0.125
0 0.3875 0.18984375 0.15859375 0.1265625
0 0.2234375 0.17578125 0.1640625 0.13046875
0 0.24140625 0.3015625 0.1625 0.13515625
0 0.55078125 0.12265625 0.1328125 0.10625
0 0.54921875 0.20859375 0.13515625 0.0734375
0 0.08359375 0.2953125 0.1671875 0.15546875