0 0.14609375 0.278125 0.28984375 0.23828125
0 0.4109375 0.171875 0.19296875 0.14453125
0 0.4109375 0.32109375 0.20703125 0.1359375
0 0.5296875 0.04453125 0.1390625 0.0828125
0 0.553125 0.1625 0.1125 0.11875
0 0.7125 0.0421875 0.203125 0.084375
0 0.71875 0.16953125 0.19921875 0.1453125
0 0.7171875 0.31640625 0.19921875 0.1375
0 0.896875 0.0390625 0.1671875 0.07734375
0 0.8765625 0.16953125 0.14921875 0.14296875
0 0.86484375 0.3109375 0.12578125 0.1484375
0 0.77265625 0.659375 0.403125 0.30390625
0 0.775 0.88671875 0.378125 0.20703125
0 0.38359375 0.65 0.34609375 0.29296875
0 0.4125 0.84921875 0.3515625 0.2875
0 0.11640625 0.82109375 0.2328125 0.27265625