0 0.41171875 0.26171875 0.4265625 0.2234375
0 0.82734375 0.25859375 0.3453125 0.2296875
0 0.80703125 0.4515625 0.38515625 0.18984375
0 0.415625 0.45078125 0.3578125 0.19140625
0 0.115625 0.434375 0.23046875 0.234375
0 0.12421875 0.7296875 0.2484375 0.196875
0 0.0890625 0.91484375 0.17734375 0.16953125
0 0.38515625 0.9125 0.3203125 0.17421875
0 0.4015625 0.7171875 0.23515625 0.1375
0 0.66171875 0.7109375 0.24921875 0.12578125
0 0.7046875 0.89921875 0.31484375 0.2015625
0 0.8890625 0.76640625 0.221875 0.11484375
0 0.91875 0.90078125 0.159375 0.1984375