0 0.09921875 0.36640625 0.19375 0.2203125
0 0.1453125 0.17265625 0.21640625 0.19296875
0 0.30703125 0.37578125 0.2390625 0.21484375
0 0.540625 0.378125 0.21640625 0.21640625
0 0.73515625 0.371875 0.2 0.21484375
0 0.92421875 0.37734375 0.1515625 0.25078125
0 0.7484375 0.8828125 0.36875 0.234375
0 0.7421875 0.6734375 0.30859375 0.203125
0 0.375 0.690625 0.33828125 0.19609375
0 0.34921875 0.90859375 0.3984375 0.1828125
0 0.09765625 0.68046875 0.19453125 0.190625
0 0.10234375 0.8484375 0.20390625 0.16640625