8 0.18984375 0.31328125 0.1390625 0.26953125
8 0.1890625 0.57421875 0.13359375 0.26796875
8 0.18515625 0.85078125 0.1359375 0.2984375
8 0.0546875 0.84140625 0.109375 0.31640625
8 0.07578125 0.5671875 0.10078125 0.22734375
8 0.31953125 0.31328125 0.1265625 0.2671875
8 0.32421875 0.57265625 0.1296875 0.265625
8 0.315625 0.8421875 0.12890625 0.2984375
8 0.45 0.31640625 0.12265625 0.26015625
8 0.45625 0.57421875 0.12421875 0.2625
8 0.4578125 0.83515625 0.1265625 0.2875
8 0.58515625 0.3109375 0.1328125 0.2625
8 0.5890625 0.57421875 0.1265625 0.2625
8 0.5921875 0.83359375 0.1296875 0.29140625
8 0.7078125 0.3140625 0.1203125 0.26015625
8 0.7171875 0.56953125 0.1296875 0.253125
8 0.71640625 0.828125 0.121875 0.2859375
8 0.83984375 0.56953125 0.12890625 0.25859375
8 0.84453125 0.82578125 0.12890625 0.28984375
8 0.9421875 0.3125 0.115625 0.26015625
8 0.95 0.5671875 0.09921875 0.25703125
8 0.9515625 0.82578125 0.09609375 0.28984375
8 0.7953125 0.26484375 0.06875 0.18359375
8 0.96484375 0.0921875 0.06953125 0.18125