8 0.88203125 0.78203125 0.1359375 0.30078125
8 0.8796875 0.5078125 0.1359375 0.2671875
8 0.75234375 0.7828125 0.1453125 0.29921875
8 0.7515625 0.5046875 0.13671875 0.2765625
8 0.96875 0.24375 0.0625 0.265625
8 0.7546875 0.23046875 0.140625 0.284375
8 0.8765625 0.2015625 0.09921875 0.19609375
8 0.62109375 0.22890625 0.13515625 0.28359375
8 0.615625 0.50625 0.1328125 0.275
8 0.6171875 0.78671875 0.1359375 0.30234375
8 0.4765625 0.78515625 0.1359375 0.31484375
8 0.4796875 0.50234375 0.13203125 0.2859375
8 0.48125 0.21953125 0.13515625 0.28984375
8 0.33984375 0.496875 0.1359375 0.28359375
8 0.3359375 0.78828125 0.1390625 0.31328125
8 0.353125 0.175 0.10546875 0.2109375
8 0.20078125 0.21328125 0.14609375 0.28984375
8 0.2015625 0.49765625 0.1421875 0.284375
8 0.2 0.790625 0.14375 0.30390625
8 0.0640625 0.7859375 0.128125 0.315625
8 0.065625 0.49609375 0.13125 0.2984375
8 0.06484375 0.20390625 0.1296875 0.30625
8 0.971875 0.5109375 0.05625 0.26171875