22 0.1296875 0.50390625 0.2203125 0.3484375
22 0.1296875 0.83515625 0.21015625 0.3296875
22 0.36796875 0.76953125 0.15 0.28359375
22 0.540625 0.52265625 0.18046875 0.3046875
22 0.534375 0.82578125 0.17734375 0.328125
22 0.72578125 0.534375 0.1890625 0.30390625
22 0.71796875 0.83046875 0.18359375 0.32421875
22 0.8875 0.534375 0.13046875 0.27109375
22 0.8765625 0.80390625 0.1359375 0.2765625
22 0.91640625 0.09453125 0.16640625 0.1890625
22 0.7375 0.0890625 0.19609375 0.178125
22 0.5359375 0.084375 0.19296875 0.16875
22 0.3203125 0.07890625 0.20703125 0.1578125
22 0.115625 0.0734375 0.1890625 0.146875