23 0.05625 0.2453125 0.1125 0.16328125
23 0.0421875 0.3953125 0.084375 0.146875
23 0.16328125 0.3484375 0.146875 0.246875
23 0.284375 0.3734375 0.0984375 0.19765625
23 0.39921875 0.34140625 0.13203125 0.2609375
23 0.51875 0.36796875 0.1078125 0.20390625
23 0.62890625 0.3765625 0.1046875 0.19609375
23 0.7421875 0.3765625 0.12578125 0.19609375
23 0.86640625 0.36171875 0.14140625 0.2328125
23 0.96640625 0.36953125 0.06640625 0.21015625
23 0.07109375 0.66328125 0.14140625 0.16875
23 0.053125 0.84296875 0.10625 0.1890625
23 0.20703125 0.8390625 0.21015625 0.17734375
23 0.4125 0.6640625 0.184375 0.15859375
23 0.41015625 0.8390625 0.19453125 0.17734375
23 0.6078125 0.67109375 0.20703125 0.17734375
23 0.615625 0.84609375 0.20703125 0.17890625
23 0.8078125 0.67421875 0.20546875 0.17109375
23 0.825 0.84296875 0.20859375 0.17734375
23 0.95 0.67890625 0.09921875 0.140625