8 0.13359375 0.38359375 0.1734375 0.215625
8 0.13046875 0.59140625 0.18828125 0.20859375
8 0.1125 0.80078125 0.1921875 0.228125
8 0.30625 0.80078125 0.1921875 0.2421875
8 0.31328125 0.59609375 0.18203125 0.21484375
8 0.31640625 0.38515625 0.18828125 0.21015625
8 0.49921875 0.3921875 0.17734375 0.20546875
8 0.49453125 0.6 0.171875 0.215625
8 0.48828125 0.80078125 0.171875 0.234375
8 0.66875 0.80625 0.18203125 0.24375
8 0.6546875 0.35078125 0.13671875 0.153125
8 0.6703125 0.60234375 0.18359375 0.21171875
8 0.8640625 0.4 0.1921875 0.21171875
8 0.93984375 0.22265625 0.11953125 0.1703125
8 0.86171875 0.60703125 0.2 0.215625
8 0.8515625 0.80703125 0.1796875 0.2421875