8 0.11875 0.38125 0.1921875 0.2171875
8 0.315625 0.38203125 0.19375 0.215625
8 0.4984375 0.3828125 0.1796875 0.20859375
8 0.12265625 0.5953125 0.18828125 0.21015625
8 0.3125 0.59921875 0.19609375 0.2203125
8 0.5015625 0.59375 0.18984375 0.21875
8 0.6703125 0.58046875 0.16328125 0.19296875
8 0.69375 0.80078125 0.1984375 0.2515625
8 0.5078125 0.80546875 0.18203125 0.2421875
8 0.3203125 0.80390625 0.18828125 0.2421875
8 0.1234375 0.8046875 0.1984375 0.25
8 0.73828125 0.31015625 0.11640625 0.20390625
8 0.89921875 0.371875 0.2015625 0.2203125
8 0.90234375 0.5953125 0.1953125 0.225
8 0.90546875 0.8140625 0.1890625 0.253125