13 0.18671875 0.34765625 0.22265625 0.25390625
13 0.378125 0.34921875 0.225 0.2421875
13 0.6453125 0.2 0.359375 0.20703125
13 0.2125 0.653125 0.20390625 0.33203125
13 0.4046875 0.6453125 0.18828125 0.3296875
13 0.5796875 0.63828125 0.19609375 0.3140625
13 0.75390625 0.63515625 0.23671875 0.3234375
13 0.8984375 0.62578125 0.203125 0.3203125
13 0.40234375 0.90625 0.1390625 0.17890625
13 0.56015625 0.90078125 0.1609375 0.1984375
13 0.70703125 0.8859375 0.159375 0.18203125
8 0.84765625 0.23671875 0.1671875 0.19765625