18 0.18515625 0.27265625 0.36953125 0.27890625
18 0.51796875 0.2625 0.3 0.26171875
18 0.846875 0.22578125 0.30546875 0.34453125
18 0.678125 0.596875 0.20859375 0.28046875
18 0.82734375 0.54453125 0.15546875 0.18828125
18 0.95 0.55390625 0.09921875 0.19765625
18 0.4546875 0.57265625 0.18203125 0.14375
18 0.25 0.57265625 0.23828125 0.2140625
18 0.5921875 0.9 0.253125 0.2
18 0.11015625 0.87734375 0.2203125 0.19296875
18 0.3359375 0.87578125 0.225 0.1625
18 0.084375 0.653125 0.16796875 0.1703125
18 0.85625 0.875 0.25078125 0.1359375
18 0.48828125 0.08125 0.3265625 0.11015625
18 0.1625 0.0921875 0.3203125 0.0859375