18 0.17890625 0.171875 0.1984375 0.34375
18 0.38125 0.1734375 0.20390625 0.346875
18 0.5703125 0.1734375 0.190625 0.346875
18 0.765625 0.1765625 0.203125 0.35234375
18 0.93359375 0.20625 0.13203125 0.2953125
18 0.90546875 0.77109375 0.1890625 0.4578125
18 0.66015625 0.82265625 0.25390625 0.3546875
18 0.64453125 0.56953125 0.26953125 0.17265625
18 0.39296875 0.80234375 0.2921875 0.3953125
18 0.3734375 0.55859375 0.26953125 0.1578125
18 0.146875 0.55234375 0.2828125 0.17578125
18 0.12890625 0.8140625 0.2578125 0.359375