22 0.19296875 0.4578125 0.17578125 0.27109375
22 0.1171875 0.77265625 0.209375 0.3578125
22 0.31953125 0.784375 0.19609375 0.359375
22 0.371875 0.46640625 0.14296875 0.26015625
22 0.53125 0.4953125 0.18359375 0.31328125
22 0.51640625 0.784375 0.1796875 0.32421875
22 0.68046875 0.490625 0.13984375 0.26796875
22 0.67109375 0.740625 0.13515625 0.25859375
22 0.83671875 0.49765625 0.1734375 0.2625
22 0.8984375 0.8078125 0.203125 0.346875
22 0.146875 0.06171875 0.20625 0.1234375
22 0.38828125 0.06953125 0.15703125 0.1390625
22 0.5609375 0.0734375 0.18515625 0.146875
22 0.75 0.08046875 0.1953125 0.1609375
22 0.9171875 0.0859375 0.15546875 0.171875