22 0.92890625 0.515625 0.1421875 0.321875
22 0.925 0.809375 0.14921875 0.32265625
22 0.75078125 0.80390625 0.20546875 0.346875
22 0.76328125 0.50625 0.221875 0.31875
22 0.56328125 0.47421875 0.21171875 0.3296875
22 0.55234375 0.7875 0.18984375 0.35234375
22 0.35546875 0.778125 0.1984375 0.37734375
22 0.37109375 0.4390625 0.1671875 0.2875
22 0.1890625 0.42890625 0.18984375 0.2890625
22 0.18515625 0.69765625 0.18046875 0.28203125
22 0.0296875 0.44140625 0.059375 0.3375
22 0.03125 0.74921875 0.0625 0.340625