5 0.44140625 0.8203125 0.26640625 0.1671875
5 0.44453125 0.6890625 0.2265625 0.10625
5 0.44921875 0.58203125 0.2171875 0.1078125
5 0.4296875 0.49765625 0.1953125 0.08046875
5 0.22578125 0.45859375 0.21015625 0.08203125
5 0.2078125 0.53359375 0.21953125 0.07109375
5 0.228125 0.61875 0.20703125 0.096875
5 0.18203125 0.684375 0.228125 0.11015625
5 0.1234375 0.8578125 0.24609375 0.146875
5 0.634375 0.45078125 0.1375 0.1359375
5 0.64375 0.58046875 0.1328125 0.13515625
5 0.64609375 0.7375 0.1296875 0.16171875
5 0.7921875 0.7359375 0.15078125 0.17265625
5 0.78359375 0.58203125 0.153125 0.1375
5 0.77890625 0.44921875 0.15 0.13046875
5 0.91953125 0.6328125 0.16015625 0.22734375
5 0.87890625 0.453125 0.1109375 0.1375
5 0.94375 0.81484375 0.1125 0.2359375
5 0.74765625 0.2015625 0.240625 0.09296875
5 0.74375 0.0921875 0.24375 0.1296875
5 0.93671875 0.096875 0.1265625 0.11953125
5 0.95390625 0.18203125 0.0921875 0.11015625
5 0.51875 0.134375 0.18203125 0.2109375
5 0.32109375 0.12421875 0.190625 0.2234375
5 0.15703125 0.11015625 0.15 0.2203125
5 0.0484375 0.1171875 0.096875 0.234375