5 0.07890625 0.43515625 0.15703125 0.153125
5 0.1 0.3296875 0.18359375 0.11640625
5 0.1109375 0.2234375 0.21015625 0.12265625
5 0.403125 0.19296875 0.34921875 0.0953125
5 0.75234375 0.2 0.3453125 0.096875
5 0.7578125 0.284375 0.346875 0.0875
5 0.7484375 0.36875 0.34140625 0.0875
5 0.78828125 0.459375 0.40859375 0.11640625
5 0.4078125 0.28203125 0.3453125 0.0796875
5 0.4046875 0.365625 0.34296875 0.0875
5 0.40234375 0.44375 0.34296875 0.0875
5 0.31171875 0.68203125 0.171875 0.09765625
5 0.4890625 0.68359375 0.1734375 0.10234375
5 0.66796875 0.72734375 0.19609375 0.15625
5 0.7125 0.8703125 0.22890625 0.171875
5 0.48984375 0.78984375 0.18828125 0.12734375
5 0.309375 0.79609375 0.18203125 0.11484375
5 0.10234375 0.68515625 0.20390625 0.09375
5 0.096875 0.76953125 0.19375 0.078125
5 0.0859375 0.87734375 0.17109375 0.13515625
5 0.9140625 0.815625 0.171875 0.15