5 0.1625 0.3 0.16171875 0.171875
5 0.3296875 0.2953125 0.165625 0.15625
5 0.3234375 0.4453125 0.1453125 0.1546875
5 0.15390625 0.45390625 0.16171875 0.1546875
5 0.509375 0.340625 0.22265625 0.1421875
5 0.515625 0.46796875 0.23515625 0.13359375
5 0.74453125 0.45546875 0.2265625 0.1515625
5 0.734375 0.34921875 0.18203125 0.0859375
5 0.71796875 0.2453125 0.19375 0.140625
5 0.90625 0.2140625 0.1875 0.09375
5 0.9109375 0.29296875 0.178125 0.08671875
5 0.91953125 0.3796875 0.16015625 0.08984375
5 0.9234375 0.46484375 0.15234375 0.08203125
5 0.9015625 0.71171875 0.196875 0.1015625
5 0.90078125 0.82890625 0.1984375 0.125
5 0.65859375 0.91015625 0.328125 0.1328125
5 0.6390625 0.79765625 0.2984375 0.08984375
5 0.6484375 0.7125 0.2828125 0.09140625
5 0.2515625 0.92421875 0.3515625 0.12421875
5 0.3234375 0.77890625 0.26796875 0.090625
5 0.0671875 0.6984375 0.134375 0.13046875
5 0.3453125 0.66953125 0.2578125 0.05703125