21 0.078125 0.86484375 0.1125 0.26953125
21 0.17734375 0.865625 0.1296875 0.26796875
21 0.28828125 0.86328125 0.1234375 0.2734375
21 0.39765625 0.86171875 0.11640625 0.2765625
21 0.50703125 0.8578125 0.1125 0.284375
21 0.6234375 0.85859375 0.1109375 0.28203125
21 0.7328125 0.85625 0.115625 0.2875
21 0.83671875 0.85 0.1234375 0.3
21 0.93671875 0.85390625 0.1265625 0.29140625
21 0.88203125 0.2140625 0.1578125 0.42734375
21 0.74296875 0.22109375 0.1515625 0.4421875
21 0.6125 0.22265625 0.1234375 0.4453125
21 0.484375 0.2265625 0.125 0.453125
21 0.3515625 0.22578125 0.13515625 0.45078125
21 0.21484375 0.2265625 0.1453125 0.453125
21 0.08515625 0.2328125 0.1625 0.465625