21 0.90078125 0.28828125 0.0890625 0.32265625
21 0.81484375 0.290625 0.1296875 0.32265625
21 0.63046875 0.2984375 0.11015625 0.33203125
21 0.5390625 0.29921875 0.09296875 0.33671875
21 0.4390625 0.30234375 0.0953125 0.33671875
21 0.346875 0.3015625 0.08828125 0.31796875
21 0.25078125 0.29921875 0.08984375 0.3203125
21 0.1578125 0.30390625 0.10234375 0.32734375
21 0.065625 0.30078125 0.1125 0.34453125
21 0.04765625 0.79140625 0.09453125 0.22734375
21 0.11484375 0.784375 0.10234375 0.22890625
21 0.196875 0.78828125 0.0953125 0.23671875
21 0.28203125 0.79296875 0.09453125 0.2328125
21 0.3625 0.7859375 0.084375 0.2359375
21 0.4453125 0.79453125 0.07890625 0.23359375
21 0.525 0.796875 0.08515625 0.23671875
21 0.6109375 0.79296875 0.0890625 0.24140625
21 0.69609375 0.79609375 0.09765625 0.2453125
21 0.7796875 0.79921875 0.10078125 0.2375
21 0.86015625 0.79765625 0.1046875 0.24296875
21 0.94453125 0.8 0.11015625 0.24140625
21 0.7140625 0.284375 0.07265625 0.296875