21 0.85625 0.4734375 0.13515625 0.26640625
21 0.7140625 0.47421875 0.125 0.26171875
21 0.578125 0.47734375 0.12578125 0.259375
21 0.43515625 0.4765625 0.12578125 0.25
21 0.31171875 0.48125 0.121875 0.24921875
21 0.184375 0.4859375 0.11875 0.2515625
21 0.059375 0.48671875 0.11875 0.25078125
21 0.13125 0.09609375 0.14609375 0.19140625
21 0.28046875 0.09453125 0.1328125 0.1890625
21 0.4171875 0.090625 0.13671875 0.18125
21 0.56171875 0.08828125 0.1359375 0.1765625
21 0.7015625 0.08359375 0.14375 0.1671875
21 0.84609375 0.08125 0.1421875 0.1625
21 0.95625 0.82890625 0.08359375 0.24609375
21 0.85703125 0.85390625 0.1265625 0.26484375
21 0.7140625 0.81953125 0.1125 0.2421875
21 0.603125 0.859375 0.12265625 0.26953125
21 0.475 0.8609375 0.115625 0.2625
21 0.34765625 0.86015625 0.11484375 0.27109375
21 0.2203125 0.8625 0.12890625 0.26328125
21 0.09921875 0.86171875 0.125 0.2671875
21 0.965625 0.471875 0.06875 0.26640625