21 0.09453125 0.08515625 0.14609375 0.1703125
21 0.234375 0.0828125 0.15 0.165625
21 0.38046875 0.0796875 0.13984375 0.159375
21 0.534375 0.075 0.1375 0.15
21 0.68828125 0.07265625 0.15234375 0.1453125
21 0.84453125 0.0671875 0.1515625 0.134375
21 0.159375 0.4734375 0.1265625 0.25625
21 0.04765625 0.475 0.09375 0.23125
21 0.28984375 0.4703125 0.12421875 0.26015625
21 0.428125 0.46796875 0.12734375 0.2578125
21 0.5640625 0.46640625 0.1265625 0.2671875
21 0.70390625 0.46015625 0.134375 0.26875
21 0.85859375 0.4578125 0.14609375 0.27890625
21 0.965625 0.45078125 0.06875 0.28125
21 0.8734375 0.8625 0.13671875 0.275
21 0.7375 0.86171875 0.12734375 0.2765625
21 0.60546875 0.85859375 0.11875 0.278125
21 0.47109375 0.86328125 0.1171875 0.27109375
21 0.34609375 0.8609375 0.1171875 0.26484375
21 0.2140625 0.8625 0.11484375 0.26328125
21 0.08828125 0.859375 0.12265625 0.26953125