21 0.92890625 0.4203125 0.1421875 0.296875
21 0.7875 0.4296875 0.14609375 0.28984375
21 0.62890625 0.4328125 0.14609375 0.29296875
21 0.4828125 0.43828125 0.13046875 0.2765625
21 0.34140625 0.44609375 0.1390625 0.2515625
21 0.196875 0.45390625 0.140625 0.26796875
21 0.06171875 0.46328125 0.1234375 0.27890625
21 0.12734375 0.8609375 0.1375 0.27734375
21 0.26015625 0.86015625 0.1390625 0.27890625
21 0.403125 0.8578125 0.1375 0.28359375
21 0.54140625 0.85859375 0.13515625 0.28203125
21 0.67890625 0.8578125 0.1390625 0.284375
21 0.821875 0.85625 0.14296875 0.28671875
21 0.95234375 0.85390625 0.0953125 0.2921875