21 0.0640625 0.8265625 0.128125 0.275
21 0.19296875 0.82890625 0.12421875 0.275
21 0.31328125 0.8390625 0.13515625 0.26953125
21 0.4515625 0.83984375 0.13203125 0.27734375
21 0.58125 0.8375 0.11953125 0.27109375
21 0.7171875 0.84296875 0.12890625 0.2859375
21 0.85390625 0.846875 0.13203125 0.28984375
21 0.96875 0.84453125 0.0625 0.28671875
21 0.9453125 0.4234375 0.109375 0.28828125
21 0.81328125 0.4296875 0.14921875 0.28125
21 0.65390625 0.4328125 0.1265625 0.24453125
21 0.525 0.44375 0.12421875 0.2640625
21 0.3890625 0.45 0.13515625 0.26171875
21 0.253125 0.440625 0.1375 0.284375
21 0.12578125 0.44921875 0.13984375 0.27578125
21 0.07265625 0.084375 0.13046875 0.16875
21 0.2109375 0.07734375 0.1296875 0.15390625
21 0.346875 0.071875 0.13984375 0.14375
21 0.484375 0.065625 0.1375 0.13125
21 0.63046875 0.059375 0.13671875 0.11875
21 0.77890625 0.05546875 0.1484375 0.1109375
21 0.034375 0.4484375 0.06875 0.271875