21 0.06796875 0.190625 0.11328125 0.38125
21 0.18984375 0.1953125 0.115625 0.384375
21 0.30703125 0.20859375 0.10625 0.36484375
21 0.4140625 0.21484375 0.1078125 0.3765625
21 0.5171875 0.23984375 0.10546875 0.30703125
21 0.62265625 0.24765625 0.09609375 0.29921875
21 0.7234375 0.25859375 0.0921875 0.2921875
21 0.8234375 0.26328125 0.09921875 0.29140625
21 0.96953125 0.84765625 0.06015625 0.3046875
21 0.88359375 0.84609375 0.10859375 0.3078125
21 0.7828125 0.84375 0.10234375 0.3125
21 0.67578125 0.8421875 0.1046875 0.315625
21 0.5453125 0.840625 0.1078125 0.31875
21 0.41328125 0.8078125 0.1171875 0.384375
21 0.29375 0.81015625 0.121875 0.37890625
21 0.1734375 0.8125 0.125 0.375
21 0.05625 0.81015625 0.1125 0.37890625
21 0.8984375 0.284375 0.0703125 0.25390625