21 0.12578125 0.4625 0.25078125 0.21328125
21 0.1265625 0.634375 0.253125 0.12890625
21 0.33671875 0.396875 0.1953125 0.20390625
21 0.52265625 0.3984375 0.1796875 0.1984375
21 0.36015625 0.578125 0.1734375 0.16171875
21 0.52890625 0.57734375 0.16328125 0.15625
21 0.703125 0.51796875 0.17890625 0.275
21 0.83515625 0.52265625 0.19296875 0.25390625
21 0.93828125 0.54140625 0.12265625 0.2390625
21 0.08046875 0.83984375 0.1609375 0.2078125
21 0.21328125 0.84609375 0.1765625 0.20625
21 0.3734375 0.796875 0.203125 0.13203125
21 0.3828125 0.9078125 0.1765625 0.09453125
21 0.57890625 0.7984375 0.20234375 0.1296875
21 0.56875 0.90703125 0.18203125 0.1
21 0.7484375 0.90703125 0.2 0.0984375
21 0.77890625 0.8 0.22578125 0.1296875
21 0.909375 0.91015625 0.18125 0.09921875
21 0.92578125 0.80390625 0.14765625 0.1265625