21 0.1328125 0.88828125 0.18671875 0.22265625
21 0.28125 0.8578125 0.14765625 0.20546875
21 0.4265625 0.86171875 0.14375 0.2109375
21 0.6140625 0.8171875 0.215625 0.13359375
21 0.8109375 0.821875 0.2203125 0.1203125
21 0.6015625 0.9265625 0.18671875 0.0921875
21 0.78203125 0.921875 0.19921875 0.1
21 0.65546875 0.42421875 0.17734375 0.20234375
21 0.83984375 0.42421875 0.18671875 0.19609375
21 0.82421875 0.6015625 0.19140625 0.15625
21 0.95390625 0.55703125 0.0921875 0.23984375
21 0.6578125 0.59921875 0.17734375 0.16328125
21 0.40078125 0.64921875 0.25625 0.12890625
21 0.40234375 0.484375 0.28125 0.21015625
21 0.14609375 0.4515625 0.2921875 0.203125
21 0.1421875 0.62734375 0.27109375 0.15859375
21 0.9234375 0.9296875 0.153125 0.096875
21 0.940625 0.8234375 0.11875 0.12109375