21 0.31328125 0.5046875 0.49453125 0.3578125
21 0.6890625 0.475 0.26015625 0.1984375
21 0.71484375 0.64609375 0.25625 0.1515625
21 0.90390625 0.50859375 0.1921875 0.2078125
21 0.91640625 0.6703125 0.1671875 0.1140625
21 0.84375 0.8703125 0.1734375 0.203125
21 0.70703125 0.865625 0.14296875 0.1984375
21 0.56953125 0.89453125 0.14765625 0.2109375
21 0.3875 0.87109375 0.15078125 0.1984375
21 0.2265625 0.86953125 0.16796875 0.19921875
21 0.09140625 0.8671875 0.18203125 0.19453125
21 0.084375 0.5078125 0.16875 0.35625