22 0.07109375 0.18671875 0.1421875 0.18671875
22 0.05703125 0.353125 0.1140625 0.1765625
22 0.1921875 0.3578125 0.165625 0.17578125
22 0.21640625 0.18515625 0.1671875 0.178125
22 0.378125 0.18671875 0.15625 0.18671875
22 0.36484375 0.3578125 0.165625 0.175
22 0.5390625 0.18359375 0.153125 0.18828125
22 0.5421875 0.35546875 0.15078125 0.175
22 0.70859375 0.35546875 0.1640625 0.17734375
22 0.8890625 0.353125 0.18046875 0.178125
22 0.68125 0.22578125 0.13046875 0.12109375
22 0.8203125 0.225 0.140625 0.12265625
22 0.96328125 0.19140625 0.07265625 0.18125
22 0.8859375 0.63046875 0.190625 0.22109375
22 0.90078125 0.8609375 0.1984375 0.25078125
22 0.70546875 0.8640625 0.19609375 0.2484375
22 0.70234375 0.63203125 0.18515625 0.21484375
22 0.52109375 0.63203125 0.18203125 0.21484375
22 0.51484375 0.85859375 0.18359375 0.25
22 0.3265625 0.859375 0.18671875 0.24453125
22 0.1625 0.69765625 0.18203125 0.17265625
22 0.14921875 0.87890625 0.17578125 0.19921875
22 0.34609375 0.6296875 0.17734375 0.21171875