8 0.5046875 0.15234375 0.153125 0.3046875
8 0.6609375 0.15234375 0.146875 0.3046875
8 0.796875 0.44921875 0.15234375 0.31484375
8 0.646875 0.4515625 0.1390625 0.2984375
8 0.5046875 0.4484375 0.14375 0.3109375
8 0.3578125 0.46484375 0.14453125 0.31484375
8 0.221875 0.4671875 0.13046875 0.3
8 0.36484375 0.76484375 0.1359375 0.2984375
8 0.5078125 0.76875 0.15 0.3234375
8 0.65078125 0.759375 0.14140625 0.30234375
8 0.7953125 0.75078125 0.13984375 0.30390625
8 0.9265625 0.70546875 0.14453125 0.29609375
8 0.078125 0.7703125 0.15390625 0.31953125
8 0.071875 0.45703125 0.14375 0.309375
7 0.7625 0.09765625 0.11484375 0.1953125
7 0.8703125 0.09609375 0.10078125 0.19140625
7 0.96015625 0.09453125 0.07890625 0.1890625
7 0.33671875 0.10703125 0.10390625 0.2140625
13 0.11875 0.11015625 0.1140625 0.2203125
13 0.23125 0.10703125 0.1046875 0.21328125
13 0.3375 0.10625 0.10546875 0.2125