13 0.1203125 0.40390625 0.12421875 0.19609375
13 0.24296875 0.39921875 0.1234375 0.19453125
13 0.36640625 0.3953125 0.1203125 0.18984375
13 0.48671875 0.3921875 0.125 0.19921875
13 0.02890625 0.4046875 0.0578125 0.1953125
13 0.5203125 0.246875 0.11953125 0.0859375
13 0.39765625 0.25 0.12265625 0.08984375
13 0.278125 0.2546875 0.11328125 0.0828125
13 0.159375 0.26171875 0.11328125 0.08046875
13 0.05 0.25625 0.1 0.096875
7 0.640625 0.234375 0.1046875 0.08671875
7 0.7625 0.23671875 0.11640625 0.1
7 0.621875 0.39140625 0.12890625 0.19921875
7 0.7453125 0.3890625 0.125 0.2015625
7 0.8765625 0.38515625 0.1265625 0.20390625
7 0.9703125 0.3796875 0.059375 0.20234375
8 0.2859375 0.484375 0.16640625 0.20859375
8 0.47109375 0.484375 0.165625 0.20234375
8 0.63828125 0.68125 0.16171875 0.221875
8 0.46953125 0.69140625 0.15234375 0.2140625
8 0.29140625 0.6953125 0.16171875 0.22265625
8 0.11796875 0.69609375 0.1671875 0.22421875
8 0.11953125 0.896875 0.1640625 0.20625
8 0.2890625 0.89375 0.16875 0.2125
8 0.46796875 0.8921875 0.1671875 0.21484375
8 0.6390625 0.890625 0.165625 0.21875
8 0.83359375 0.83828125 0.16640625 0.23046875
8 0.9171875 0.8 0.1203125 0.18125