13 0.07578125 0.29921875 0.15078125 0.2359375
13 0.22578125 0.29296875 0.146875 0.23203125
13 0.36484375 0.2890625 0.13671875 0.23125
13 0.5328125 0.28671875 0.1390625 0.234375
13 0.67421875 0.284375 0.14140625 0.23046875
13 0.8171875 0.2796875 0.14140625 0.23046875
13 0.4359375 0.11640625 0.14921875 0.11640625
13 0.5890625 0.10859375 0.14921875 0.11953125
13 0.7234375 0.11875 0.12734375 0.1
13 0.85859375 0.115625 0.13359375 0.10234375
13 0.94453125 0.215625 0.1109375 0.10078125
8 0.93515625 0.371875 0.1296875 0.25703125
8 0.04296875 0.625 0.0859375 0.25390625
8 0.0453125 0.85625 0.090625 0.23671875
8 0.21015625 0.85078125 0.1796875 0.24609375
8 0.39609375 0.85078125 0.19375 0.27109375
8 0.58515625 0.83359375 0.1828125 0.25
8 0.778125 0.83046875 0.19453125 0.253125
8 0.940625 0.83984375 0.11875 0.26171875
8 0.93828125 0.615625 0.12265625 0.234375
8 0.7734375 0.61015625 0.19609375 0.24453125
8 0.57734375 0.61015625 0.1796875 0.24453125
8 0.3890625 0.6171875 0.1859375 0.24765625
8 0.1953125 0.61484375 0.1890625 0.24296875