13 0.18671875 0.2875 0.1546875 0.2296875
13 0.3359375 0.28515625 0.14375 0.23046875
13 0.47734375 0.2875 0.13984375 0.23046875
13 0.61640625 0.284375 0.13828125 0.225
13 0.7546875 0.284375 0.13828125 0.22421875
13 0.9078125 0.28359375 0.153125 0.21796875
13 0.80546875 0.11953125 0.1984375 0.10625
13 0.95 0.1140625 0.1 0.115625
8 0.0546875 0.31640625 0.109375 0.16484375
8 0.06640625 0.61015625 0.1328125 0.2390625
8 0.07578125 0.83125 0.1515625 0.2625
8 0.25234375 0.8359375 0.20703125 0.259375
8 0.44921875 0.8296875 0.1875 0.2484375
8 0.65078125 0.82421875 0.19140625 0.25546875
8 0.85546875 0.82578125 0.215625 0.26015625
8 0.8546875 0.596875 0.19375 0.24140625
8 0.6484375 0.6015625 0.18828125 0.2421875
8 0.446875 0.6046875 0.2015625 0.24296875
8 0.23671875 0.60625 0.20390625 0.23984375