8 0.0734375 0.18984375 0.146875 0.1890625
8 0.24140625 0.19765625 0.16328125 0.15625
8 0.409375 0.20078125 0.1421875 0.14609375
8 0.4109375 0.3453125 0.1375 0.1390625
8 0.07109375 0.40703125 0.1421875 0.23671875
8 0.2453125 0.39375 0.20625 0.23671875
8 0.56328125 0.31953125 0.153125 0.16796875
8 0.70546875 0.3140625 0.15390625 0.16953125
8 0.83984375 0.31640625 0.1265625 0.15234375
8 0.94765625 0.31328125 0.1046875 0.1515625
13 0.84453125 0.60234375 0.1640625 0.19453125
8 0.67109375 0.60078125 0.21171875 0.234375
8 0.69921875 0.834375 0.2125 0.27578125
8 0.4890625 0.8390625 0.2015625 0.26953125
8 0.46796875 0.61328125 0.20078125 0.2296875
8 0.28515625 0.8453125 0.2046875 0.278125
8 0.090625 0.85546875 0.18125 0.2703125
8 0.0796875 0.63203125 0.159375 0.2390625
8 0.26484375 0.625 0.2015625 0.2328125
13 0.90390625 0.84375 0.1921875 0.2734375