8 0.04921875 0.221875 0.0984375 0.2328125
8 0.1625 0.23046875 0.11953125 0.203125
8 0.1453125 0.4234375 0.09609375 0.1859375
8 0.26640625 0.40390625 0.11015625 0.22578125
8 0.3765625 0.40546875 0.109375 0.21875
8 0.48046875 0.4203125 0.096875 0.20078125
8 0.5796875 0.425 0.09296875 0.1953125
8 0.6890625 0.41796875 0.11875 0.21953125
8 0.8 0.41953125 0.10390625 0.21484375
8 0.1265625 0.81640625 0.17734375 0.35
8 0.3 0.81328125 0.16328125 0.3484375
13 0.44765625 0.8 0.1359375 0.2875
13 0.5984375 0.80234375 0.13515625 0.28984375
13 0.73359375 0.8 0.13359375 0.2875
13 0.86875 0.796875 0.13359375 0.28359375
8 0.90703125 0.42421875 0.10625 0.21640625