8 0.9046875 0.85625 0.190625 0.271875
8 0.71015625 0.84375 0.19453125 0.26171875
8 0.5109375 0.85703125 0.18359375 0.2703125
8 0.3109375 0.853125 0.1890625 0.259375
8 0.1234375 0.85625 0.1953125 0.25625
8 0.1328125 0.5484375 0.13125 0.16796875
13 0.271875 0.5296875 0.14140625 0.21328125
13 0.41015625 0.52421875 0.12890625 0.209375
13 0.53984375 0.52734375 0.13359375 0.21484375
13 0.675 0.52109375 0.13046875 0.20859375
13 0.80703125 0.5203125 0.134375 0.2109375
13 0.93828125 0.5171875 0.1234375 0.2125
25 0.88125 0.10546875 0.1171875 0.20625
25 0.65390625 0.10625 0.14375 0.2125
25 0.77421875 0.10625 0.11953125 0.21171875
25 0.4640625 0.1078125 0.14609375 0.21484375
25 0.240625 0.10859375 0.1453125 0.21640625
25 0.03671875 0.109375 0.0734375 0.21875
25 0.13125 0.109375 0.1125 0.21796875
8 0.03359375 0.5484375 0.06640625 0.171875