25 0.06171875 0.1265625 0.12265625 0.25234375
25 0.2359375 0.12890625 0.13515625 0.25
25 0.36484375 0.1421875 0.121875 0.22265625
25 0.48984375 0.15703125 0.09921875 0.19453125
25 0.59765625 0.140625 0.11484375 0.22421875
25 0.71796875 0.12578125 0.146875 0.2515625
25 0.8484375 0.13046875 0.1390625 0.24296875
25 0.921875 0.14765625 0.109375 0.20703125
13 0.07734375 0.54921875 0.15390625 0.20546875
13 0.2140625 0.54453125 0.13671875 0.20078125
13 0.33828125 0.54453125 0.1328125 0.20390625
13 0.48515625 0.54453125 0.12578125 0.20078125
13 0.6109375 0.54609375 0.12421875 0.20234375
13 0.740625 0.54453125 0.13125 0.2015625
13 0.8625 0.49453125 0.12109375 0.09765625
8 0.875 0.6546875 0.196875 0.221875
8 0.87890625 0.87109375 0.2015625 0.2578125
8 0.69140625 0.86640625 0.1890625 0.25703125
8 0.51015625 0.8578125 0.1765625 0.2484375
8 0.33203125 0.86953125 0.18203125 0.26015625
8 0.165625 0.85546875 0.184375 0.24765625
13 0.40703125 0.39453125 0.1328125 0.090625
13 0.53515625 0.39375 0.1265625 0.0953125
13 0.65546875 0.40078125 0.1109375 0.084375
13 0.77578125 0.39921875 0.115625 0.08671875
13 0.9015625 0.39765625 0.12890625 0.09296875