8 0.0921875 0.85546875 0.18125 0.246875
8 0.27109375 0.85859375 0.175 0.25546875
8 0.4484375 0.85859375 0.1796875 0.25
8 0.6109375 0.8375 0.165625 0.24453125
8 0.77890625 0.8328125 0.1703125 0.23359375
8 0.9234375 0.93046875 0.153125 0.1390625
8 0.6203125 0.64375 0.16875 0.2015625
8 0.45078125 0.64453125 0.175 0.21171875
7 0.95 0.53828125 0.09921875 0.1859375
7 0.84140625 0.53828125 0.115625 0.18671875
7 0.72578125 0.5375 0.1203125 0.1859375
13 0.6 0.5359375 0.11953125 0.18984375
13 0.48203125 0.540625 0.11484375 0.1890625
13 0.3640625 0.54296875 0.1203125 0.19765625
13 0.23671875 0.54296875 0.13203125 0.19765625
13 0.10625 0.54453125 0.13046875 0.2015625
25 0.04296875 0.13828125 0.0859375 0.22421875
25 0.1546875 0.1578125 0.0984375 0.19296875
25 0.25078125 0.1453125 0.0984375 0.2234375
25 0.35859375 0.13046875 0.13671875 0.2609375
25 0.484375 0.14453125 0.134375 0.23984375
25 0.57421875 0.16328125 0.0921875 0.203125
25 0.6546875 0.18515625 0.08984375 0.1609375
25 0.73515625 0.1875 0.07578125 0.15859375
25 0.83359375 0.16953125 0.128125 0.20078125
25 0.93984375 0.17109375 0.1203125 0.2015625
13 0.1578125 0.39140625 0.13515625 0.09375
13 0.04609375 0.3921875 0.09140625 0.09375
13 0.284375 0.40078125 0.1171875 0.08125
13 0.4 0.40078125 0.11640625 0.08515625
13 0.51953125 0.396875 0.11484375 0.08359375
13 0.6359375 0.3984375 0.10703125 0.0859375
7 0.74765625 0.3953125 0.11484375 0.08359375
7 0.8640625 0.39765625 0.10703125 0.0875