25 0.3390625 0.19765625 0.35859375 0.18359375
25 0.084375 0.21328125 0.16875 0.159375
25 0.35625 0.3609375 0.3328125 0.1546875
25 0.36796875 0.50078125 0.32265625 0.153125
25 0.6890625 0.49453125 0.328125 0.15390625
25 0.70078125 0.3515625 0.34296875 0.15546875
25 0.60625 0.2 0.16640625 0.16953125
25 0.7625 0.2078125 0.15625 0.13203125
25 0.93984375 0.18671875 0.11953125 0.165625
25 0.9359375 0.34765625 0.128125 0.1578125
25 0.928125 0.49765625 0.14296875 0.14609375
25 0.68515625 0.86484375 0.2796875 0.1546875
25 0.925 0.91171875 0.14921875 0.17265625
25 0.8984375 0.7234375 0.20234375 0.13359375
25 0.6671875 0.72421875 0.2359375 0.11640625
25 0.39921875 0.76484375 0.2703125 0.14453125
25 0.1453125 0.83125 0.18359375 0.16875
25 0.1671875 0.9296875 0.1671875 0.140625
25 0.0953125 0.36875 0.18984375 0.15390625
25 0.10390625 0.50546875 0.20703125 0.15390625
25 0.0375 0.92578125 0.075 0.1484375