5 0.7265625 0.07890625 0.18671875 0.12109375
5 0.7453125 0.1609375 0.1890625 0.11171875
5 0.7625 0.2453125 0.203125 0.11484375
5 0.7734375 0.3421875 0.20859375 0.1171875
5 0.93046875 0.1484375 0.13828125 0.1125
5 0.92734375 0.25390625 0.14453125 0.1015625
5 0.93359375 0.35390625 0.1328125 0.0984375
5 0.54609375 0.1125 0.15625 0.11484375
5 0.52421875 0.1890625 0.1640625 0.09921875
5 0.52109375 0.27265625 0.165625 0.08359375
5 0.53359375 0.35390625 0.16875 0.0859375
5 0.34921875 0.17578125 0.18671875 0.10546875
5 0.34609375 0.2546875 0.18671875 0.059375
5 0.34921875 0.33515625 0.21796875 0.1203125
5 0.10234375 0.29140625 0.2046875 0.20859375