5 0.23125 0.08828125 0.1484375 0.11015625
5 0.19921875 0.21953125 0.18046875 0.096875
5 0.19765625 0.3078125 0.18046875 0.096875
5 0.18828125 0.39765625 0.18203125 0.1015625
5 0.0640625 0.09609375 0.128125 0.08984375
5 0.38671875 0.10390625 0.15703125 0.09375
5 0.37890625 0.1828125 0.15234375 0.08203125
5 0.38046875 0.259375 0.1546875 0.07890625
5 0.38359375 0.3265625 0.15390625 0.05390625
5 0.37109375 0.3953125 0.18125 0.1109375
5 0.54765625 0.409375 0.17265625 0.0953125
5 0.5359375 0.33515625 0.14921875 0.05234375
5 0.53515625 0.26953125 0.15 0.078125
5 0.53359375 0.18671875 0.15625 0.0921875
5 0.93203125 0.31328125 0.1359375 0.3015625
5 0.68828125 0.23984375 0.1296875 0.15625
5 0.80703125 0.2453125 0.10625 0.140625
5 0.8234375 0.38671875 0.14609375 0.1578125
5 0.69375 0.3890625 0.10390625 0.1421875
5 0.79921875 0.634375 0.190625 0.078125
5 0.8125 0.7078125 0.18515625 0.08515625
5 0.625 0.70859375 0.18828125 0.084375
5 0.57578125 0.6078125 0.1640625 0.07578125
5 0.228125 0.6578125 0.18125 0.0953125
5 0.22734375 0.73125 0.17421875 0.0859375
5 0.22734375 0.8 0.171875 0.0859375
5 0.21953125 0.8765625 0.15859375 0.08203125
5 0.40390625 0.86640625 0.2078125 0.21796875
5 0.43359375 0.71484375 0.19765625 0.1140625
5 0.44375 0.6421875 0.19375 0.115625
5 0.6359375 0.85703125 0.20625 0.21171875
5 0.83671875 0.85234375 0.1875 0.2015625
5 0.94921875 0.634375 0.1015625 0.07578125
5 0.95234375 0.71171875 0.0953125 0.0765625
5 0.9671875 0.85 0.065625 0.19609375