5 0.1296875 0.146875 0.12265625 0.1328125
5 0.0984375 0.3 0.1390625 0.17890625
5 0.27578125 0.228125 0.15703125 0.328125
5 0.434375 0.24765625 0.1390625 0.2984375
5 0.6078125 0.27734375 0.17421875 0.26484375
5 0.73671875 0.30234375 0.096875 0.20625
5 0.915625 0.2859375 0.16875 0.26171875
5 0.10859375 0.5546875 0.20078125 0.07421875
5 0.10625 0.6328125 0.20234375 0.08359375
5 0.30625 0.559375 0.1875 0.07890625
5 0.30703125 0.63828125 0.1953125 0.08203125
5 0.30625 0.778125 0.20390625 0.2
5 0.10546875 0.7765625 0.2078125 0.20546875
5 0.4984375 0.6765625 0.1515625 0.10234375
5 0.49453125 0.7578125 0.1390625 0.075
5 0.49609375 0.83828125 0.14375 0.075
5 0.484375 0.584375 0.1140625 0.06640625
5 0.60546875 0.675 0.0640625 0.1078125
5 0.6453125 0.57734375 0.0625 0.0703125
5 0.57890625 0.578125 0.0671875 0.084375
5 0.82578125 0.759375 0.13046875 0.17265625
5 0.82421875 0.64140625 0.14765625 0.07265625
5 0.9765625 0.775 0.046875 0.19375