5 0.8359375 0.28046875 0.221875 0.31875
5 0.60625 0.26171875 0.1625 0.34375
5 0.43046875 0.253125 0.17890625 0.3765625
5 0.265625 0.16640625 0.140625 0.15390625
5 0.23984375 0.3421875 0.1609375 0.19296875
5 0.0984375 0.35 0.11875 0.17734375
5 0.11328125 0.1671875 0.146875 0.18046875
5 0.06640625 0.6109375 0.13203125 0.07578125
5 0.0625 0.734375 0.125 0.10703125
5 0.05546875 0.8921875 0.1109375 0.21484375
5 0.2484375 0.88984375 0.2359375 0.2203125
5 0.484375 0.89296875 0.23359375 0.21328125
5 0.47578125 0.7359375 0.2203125 0.096875
5 0.4734375 0.640625 0.21953125 0.09453125
5 0.24296875 0.7234375 0.225 0.11015625
5 0.24453125 0.64375 0.2171875 0.0953125
5 0.69765625 0.771875 0.19140625 0.13515625
5 0.70390625 0.8765625 0.18671875 0.10234375
5 0.8265625 0.76640625 0.06796875 0.15
5 0.8375 0.63671875 0.07265625 0.090625