17 0.1703125 0.73125 0.17265625 0.38515625
17 0.03984375 0.73125 0.07890625 0.38671875
17 0.3453125 0.725 0.14765625 0.3640625
17 0.48125 0.73515625 0.14609375 0.38515625
17 0.621875 0.73828125 0.1875 0.42265625
17 0.7953125 0.74296875 0.15859375 0.39765625
17 0.9296875 0.7296875 0.13984375 0.371875
17 0.0625 0.13828125 0.12421875 0.18203125
17 0.225 0.1359375 0.19921875 0.18203125
17 0.06015625 0.28046875 0.1203125 0.14609375
17 0.215625 0.28203125 0.19453125 0.14765625
17 0.4546875 0.134375 0.2015625 0.17734375
17 0.45546875 0.28203125 0.19765625 0.14609375
17 0.653125 0.28125 0.19921875 0.15078125
17 0.859375 0.2796875 0.21796875 0.1484375
17 0.65859375 0.13125 0.19921875 0.18203125
17 0.86015625 0.1296875 0.20703125 0.18828125