17 0.86953125 0.85703125 0.1765625 0.2859375
17 0.70078125 0.85625 0.1703125 0.2875
17 0.4328125 0.84609375 0.16328125 0.2796875
17 0.26328125 0.84921875 0.18984375 0.2765625
17 0.18046875 0.8015625 0.1546875 0.25390625
17 0.0421875 0.8453125 0.08359375 0.2765625
17 0.92421875 0.34921875 0.1515625 0.38125
17 0.76953125 0.34921875 0.18671875 0.3796875
17 0.5984375 0.35234375 0.16875 0.37890625
17 0.440625 0.3515625 0.14921875 0.3765625
17 0.28125 0.35078125 0.17265625 0.37578125
17 0.14765625 0.35234375 0.1296875 0.3359375