17 0.0765625 0.35859375 0.153125 0.3828125
17 0.22265625 0.353125 0.19375 0.3890625
17 0.39375 0.35 0.18203125 0.390625
17 0.6421875 0.3421875 0.14921875 0.3609375
17 0.81640625 0.33671875 0.1671875 0.35859375
17 0.95859375 0.33203125 0.0828125 0.39296875
17 0.0828125 0.8390625 0.165625 0.32109375
17 0.25546875 0.834375 0.2234375 0.33125
17 0.45703125 0.78359375 0.19296875 0.30625
17 0.64375 0.85859375 0.1703125 0.2828125
17 0.79375 0.81328125 0.1625 0.2640625
17 0.921875 0.85625 0.15625 0.28515625