17 0.9328125 0.24140625 0.134375 0.46953125
17 0.72265625 0.2328125 0.18828125 0.465625
17 0.5515625 0.228125 0.16484375 0.45625
17 0.42734375 0.2046875 0.1234375 0.409375
17 0.271875 0.22265625 0.18203125 0.4453125
17 0.1328125 0.1921875 0.1796875 0.384375
17 0.85 0.73203125 0.11875 0.2953125
17 0.74609375 0.73671875 0.125 0.31484375
17 0.6265625 0.77890625 0.1375 0.415625
17 0.534375 0.71484375 0.1 0.29140625
17 0.428125 0.74609375 0.10703125 0.37734375
17 0.32265625 0.73203125 0.1046875 0.35703125
17 0.20703125 0.7765625 0.1375 0.43984375
17 0.06953125 0.775 0.13828125 0.45