17 0.86953125 0.2890625 0.17890625 0.43671875
17 0.95390625 0.29375 0.0921875 0.4328125
17 0.73359375 0.2625 0.14609375 0.4109375
17 0.6109375 0.2765625 0.1671875 0.45
17 0.43984375 0.2234375 0.1671875 0.446875
17 0.2515625 0.24765625 0.20625 0.4953125
17 0.08671875 0.24453125 0.1734375 0.4890625
17 0.1265625 0.78828125 0.11796875 0.40390625
17 0.2296875 0.79921875 0.1140625 0.40078125
17 0.3359375 0.803125 0.11875 0.39375
17 0.47421875 0.80625 0.1140625 0.3875
17 0.5703125 0.78046875 0.0890625 0.35625
17 0.66953125 0.79453125 0.115625 0.37578125
17 0.7640625 0.759375 0.08203125 0.3
17 0.87109375 0.80625 0.1546875 0.3875