16 0.05234375 0.12109375 0.1046875 0.2421875
16 0.1703125 0.1234375 0.12578125 0.24609375
16 0.29921875 0.13046875 0.1359375 0.2609375
16 0.46171875 0.13828125 0.12890625 0.27578125
16 0.590625 0.14765625 0.13046875 0.2515625
16 0.70703125 0.16171875 0.11328125 0.23046875
16 0.878125 0.15 0.1671875 0.27265625
16 0.04765625 0.46484375 0.0953125 0.2640625
16 0.16640625 0.459375 0.109375 0.24140625
16 0.28828125 0.47734375 0.1375 0.26640625
16 0.428125 0.484375 0.13828125 0.25703125
16 0.53984375 0.49921875 0.0734375 0.2328125
16 0.61171875 0.503125 0.06953125 0.23046875
16 0.6890625 0.50546875 0.06953125 0.23203125
16 0.7640625 0.5109375 0.071875 0.23125
16 0.93203125 0.81484375 0.1359375 0.2546875
16 0.809375 0.78984375 0.13125 0.2203125
16 0.68671875 0.79140625 0.12109375 0.23046875
16 0.56796875 0.80703125 0.134375 0.26171875
16 0.4390625 0.803125 0.1296875 0.265625
16 0.29921875 0.80234375 0.13828125 0.265625
16 0.1640625 0.8 0.1453125 0.27734375
16 0.05703125 0.79140625 0.11328125 0.27109375