16 0.16171875 0.1609375 0.17734375 0.2
16 0.340625 0.1625 0.184375 0.221875
16 0.534375 0.178125 0.17265625 0.2
16 0.6984375 0.1890625 0.16875 0.19140625
16 0.84609375 0.1984375 0.1578125 0.17890625
16 0.91796875 0.45390625 0.0921875 0.16328125
16 0.8171875 0.45 0.0953125 0.1625
16 0.728125 0.44765625 0.0859375 0.16796875
16 0.6359375 0.44765625 0.08984375 0.16953125
16 0.49765625 0.43515625 0.1765625 0.18515625
16 0.31875 0.42890625 0.1734375 0.18828125
16 0.1546875 0.41484375 0.14921875 0.17421875
16 0.16015625 0.65703125 0.18359375 0.1921875
16 0.32890625 0.66015625 0.1640625 0.18828125
16 0.5046875 0.659375 0.16875 0.18359375
16 0.6671875 0.659375 0.175 0.18046875
16 0.8140625 0.64921875 0.14453125 0.16015625
16 0.9390625 0.64765625 0.121875 0.15
16 0.09453125 0.88359375 0.14609375 0.165625
16 0.22421875 0.8484375 0.10078125 0.1140625
16 0.33203125 0.85078125 0.10703125 0.1171875
16 0.446875 0.8765625 0.12578125 0.1546875
16 0.5671875 0.84609375 0.10625 0.1109375
16 0.665625 0.8296875 0.0828125 0.075
16 0.77421875 0.84609375 0.11015625 0.10859375
16 0.8890625 0.8453125 0.11171875 0.10859375