15 0.06640625 0.20078125 0.09609375 0.203125
15 0.16484375 0.19453125 0.10078125 0.20546875
15 0.2640625 0.19296875 0.09765625 0.2140625
15 0.34609375 0.2046875 0.0671875 0.18671875
15 0.475 0.190625 0.0640625 0.203125
15 0.540625 0.1953125 0.06796875 0.19140625
15 0.61015625 0.19609375 0.065625 0.184375
15 0.61328125 0.0671875 0.0703125 0.08203125
15 0.684375 0.0546875 0.06796875 0.084375
15 0.67421875 0.19375 0.0640625 0.18984375
15 0.74140625 0.190625 0.06640625 0.1890625
15 0.75390625 0.05078125 0.071875 0.07578125
15 0.82734375 0.04609375 0.07109375 0.0734375
15 0.89375 0.0515625 0.071875 0.08984375
15 0.8109375 0.1890625 0.0703125 0.1890625
15 0.871875 0.18984375 0.06328125 0.18203125
15 0.94921875 0.165625 0.10078125 0.225
15 0.9703125 0.525 0.05859375 0.246875
15 0.94921875 0.784375 0.10078125 0.19140625
15 0.86171875 0.78203125 0.08828125 0.18359375
15 0.8375 0.54609375 0.078125 0.19921875
15 0.88984375 0.38828125 0.11328125 0.0828125
15 0.76640625 0.55390625 0.08203125 0.19453125
15 0.778125 0.803125 0.0984375 0.17421875
15 0.7140625 0.85390625 0.09765625 0.1828125
15 0.615625 0.84921875 0.09765625 0.18125
15 0.68515625 0.5625 0.08515625 0.17890625
15 0.609375 0.54296875 0.06953125 0.1890625
15 0.54375 0.5515625 0.075 0.20390625
15 0.5203125 0.79140625 0.0828125 0.159375
15 0.47421875 0.53828125 0.06484375 0.17734375
15 0.4265625 0.84609375 0.096875 0.178125
15 0.33359375 0.840625 0.09765625 0.19140625
15 0.2421875 0.8515625 0.10390625 0.1921875
15 0.1515625 0.84765625 0.08984375 0.184375
15 0.06171875 0.8453125 0.0875 0.18671875
15 0.05546875 0.57421875 0.08515625 0.1671875
15 0.05625 0.45859375 0.09765625 0.0625
15 0.15234375 0.5703125 0.10625 0.17578125
15 0.25078125 0.56328125 0.09296875 0.1734375
15 0.3265625 0.56171875 0.08515625 0.17734375
15 0.403125 0.56015625 0.07890625 0.184375
15 0.17890625 0.4453125 0.1328125 0.06484375
15 0.08203125 0.38984375 0.13984375 0.06953125
15 0.34375 0.3890625 0.103125 0.0765625
15 0.24765625 0.39453125 0.08046875 0.059375