17 0.90703125 0.8 0.13984375 0.2328125
17 0.7875 0.80234375 0.12421875 0.23125
17 0.65859375 0.8 0.13671875 0.23046875
17 0.515625 0.796875 0.11875 0.2328125
17 0.4046875 0.7703125 0.10078125 0.2
17 0.509375 0.6328125 0.11875 0.09375
17 0.265625 0.7953125 0.1453125 0.234375
17 0.03984375 0.76328125 0.0796875 0.28984375
17 0.13515625 0.73046875 0.090625 0.221875
17 0.9453125 0.38828125 0.109375 0.1984375
17 0.81953125 0.3890625 0.1375 0.2
17 0.69296875 0.3890625 0.10078125 0.190625
17 0.56796875 0.40546875 0.10625 0.16328125
17 0.3546875 0.4 0.11015625 0.16328125
17 0.2453125 0.3640625 0.103125 0.2328125
17 0.14609375 0.36171875 0.10390625 0.2359375