3 0.91875 0.709375 0.1625 0.16953125
3 0.91171875 0.8515625 0.1671875 0.1625
3 0.7703125 0.72734375 0.12578125 0.15625
3 0.76484375 0.8609375 0.1234375 0.15
3 0.63828125 0.86015625 0.11875 0.14921875
3 0.64140625 0.72421875 0.125 0.1578125
3 0.51171875 0.721875 0.1296875 0.1578125
3 0.50859375 0.8578125 0.11953125 0.14609375
3 0.390625 0.85234375 0.11328125 0.1484375
3 0.39453125 0.71875 0.121875 0.1578125
3 0.259375 0.671875 0.12265625 0.12421875
3 0.25859375 0.775 0.12421875 0.11171875
3 0.2578125 0.875 0.125 0.11015625
3 0.12421875 0.8671875 0.12265625 0.11640625
3 0.12578125 0.76953125 0.121875 0.11484375
3 0.1296875 0.6703125 0.1296875 0.12109375
3 0.946875 0.49453125 0.10546875 0.13671875
3 0.82890625 0.49453125 0.13046875 0.13671875
3 0.81015625 0.3640625 0.0984375 0.121875
3 0.67734375 0.48515625 0.1609375 0.15
3 0.6828125 0.3359375 0.16796875 0.153125
3 0.51484375 0.334375 0.16171875 0.153125
3 0.5140625 0.4828125 0.16484375 0.146875
3 0.3375 0.4515625 0.16328125 0.20703125
3 0.165625 0.4453125 0.1765625 0.2171875
3 0.11796875 0.0734375 0.17734375 0.14609375
3 0.290625 0.075 0.1703125 0.15
3 0.4609375 0.07734375 0.1703125 0.1546875
3 0.6171875 0.0890625 0.1234375 0.13671875
3 0.73359375 0.09921875 0.10390625 0.121875
3 0.85703125 0.08125 0.13828125 0.1578125