3 0.06328125 0.1828125 0.0953125 0.18515625
3 0.0671875 0.359375 0.08984375 0.175
3 0.16015625 0.36171875 0.096875 0.1765625
3 0.15625 0.1828125 0.09609375 0.1875
3 0.2796875 0.3125 0.1265625 0.278125
3 0.4015625 0.31875 0.11328125 0.26484375
3 0.52890625 0.16484375 0.11640625 0.20625
3 0.528125 0.35625 0.11328125 0.18671875
3 0.64921875 0.35625 0.11640625 0.1890625
3 0.64921875 0.16328125 0.1171875 0.20546875
3 0.7578125 0.3609375 0.08828125 0.1765625
3 0.84453125 0.3609375 0.08671875 0.17265625
3 0.7421875 0.203125 0.06484375 0.14921875
3 0.9375 0.125 0.10390625 0.146875
3 0.93671875 0.2546875 0.0953125 0.1375
3 0.9375 0.3828125 0.0875 0.12265625
3 0.9421875 0.6453125 0.11484375 0.19453125
3 0.93671875 0.828125 0.115625 0.1921875
3 0.8234375 0.64765625 0.12109375 0.20234375
3 0.81953125 0.825 0.115625 0.2
3 0.71640625 0.6703125 0.09140625 0.19296875
3 0.71484375 0.83828125 0.08671875 0.17734375
3 0.625 0.8359375 0.08671875 0.184375
3 0.62578125 0.67109375 0.084375 0.1859375
3 0.5328125 0.66796875 0.08671875 0.184375
3 0.53125 0.83828125 0.08671875 0.17734375
3 0.44375 0.8390625 0.078125 0.178125
3 0.446875 0.665625 0.08125 0.18203125
3 0.35078125 0.60859375 0.084375 0.13828125
3 0.35078125 0.7390625 0.08515625 0.13046875
3 0.35234375 0.859375 0.0859375 0.1359375
3 0.25703125 0.609375 0.09140625 0.13828125
3 0.25703125 0.7390625 0.08828125 0.1328125
3 0.15859375 0.67109375 0.09296875 0.18671875
3 0.16171875 0.84296875 0.0921875 0.17734375
3 0.0671875 0.8421875 0.09609375 0.17734375
3 0.0640625 0.6703125 0.0953125 0.1875