3 0.9515625 0.60703125 0.096875 0.2234375
3 0.946875 0.79765625 0.10625 0.2109375
3 0.84765625 0.52109375 0.10625 0.1703125
3 0.8375 0.6703125 0.103125 0.15
3 0.83359375 0.80546875 0.096875 0.15546875
3 0.7328125 0.80625 0.10078125 0.16484375
3 0.740625 0.66953125 0.1046875 0.15625
3 0.7453125 0.52109375 0.11015625 0.1625
3 0.62890625 0.78203125 0.10546875 0.23203125
3 0.52421875 0.76015625 0.09140625 0.225
3 0.41171875 0.76484375 0.096875 0.225
3 0.3125 0.7609375 0.1 0.2265625
3 0.340625 0.53125 0.08203125 0.17265625
3 0.41953125 0.53359375 0.07890625 0.165625
3 0.2015625 0.7734375 0.10859375 0.23515625
3 0.09453125 0.771875 0.109375 0.23359375
3 0.034375 0.553125 0.06875 0.19375
3 0.04296875 0.20234375 0.0859375 0.22734375
3 0.14140625 0.20390625 0.1234375 0.22421875
3 0.26015625 0.20390625 0.115625 0.2296875
3 0.3859375 0.05234375 0.1125 0.1046875
3 0.38828125 0.15390625 0.10859375 0.12578125
3 0.38671875 0.2671875 0.1078125 0.1125
3 0.49609375 0.26953125 0.1015625 0.109375
3 0.4984375 0.159375 0.10390625 0.115625
3 0.5 0.05390625 0.10625 0.1078125
3 0.61484375 0.21796875 0.1125 0.22421875
3 0.73671875 0.2140625 0.125 0.2296875
3 0.83515625 0.22109375 0.10078125 0.21640625
3 0.87890625 0.1875 0.078125 0.2875
3 0.9671875 0.17578125 0.065625 0.3140625