3 0.05234375 0.2640625 0.08203125 0.1578125
3 0.03515625 0.42578125 0.0703125 0.165625
3 0.12109375 0.42578125 0.090625 0.1734375
3 0.20859375 0.425 0.09453125 0.171875
3 0.303125 0.421875 0.0859375 0.175
3 0.38671875 0.42421875 0.08203125 0.1734375
3 0.33046875 0.2640625 0.07421875 0.140625
3 0.40234375 0.26640625 0.071875 0.1421875
3 0.48046875 0.41953125 0.0796875 0.1703125
3 0.56875 0.42578125 0.08671875 0.17421875
3 0.66875 0.1859375 0.08515625 0.1390625
3 0.66484375 0.31875 0.0828125 0.1296875
3 0.66171875 0.4453125 0.07890625 0.1296875
3 0.75625 0.18671875 0.08671875 0.1359375
3 0.75 0.31796875 0.08359375 0.12734375
3 0.746875 0.44453125 0.08359375 0.125
3 0.8625 0.246875 0.10390625 0.18125
3 0.85546875 0.42265625 0.096875 0.17265625
3 0.93984375 0.42109375 0.0859375 0.175
3 0.965625 0.25078125 0.06875 0.1578125
3 0.9765625 0.63828125 0.046875 0.15
3 0.975 0.76484375 0.05 0.14609375
3 0.96953125 0.8859375 0.06015625 0.16796875
3 0.86640625 0.68203125 0.11953125 0.20859375
3 0.85859375 0.85234375 0.1203125 0.1859375
3 0.74453125 0.68125 0.11640625 0.20625
3 0.74140625 0.853125 0.1140625 0.1875
3 0.6421875 0.70390625 0.0828125 0.18125
3 0.63984375 0.86171875 0.078125 0.1625
3 0.55859375 0.70546875 0.08203125 0.18671875
3 0.559375 0.86171875 0.08125 0.16875
3 0.46640625 0.8765625 0.078125 0.128125
3 0.47421875 0.753125 0.071875 0.103125
3 0.3859375 0.80390625 0.08046875 0.11796875
3 0.38671875 0.8921875 0.0765625 0.09296875
3 0.29296875 0.70390625 0.0875 0.1859375
3 0.29609375 0.85625 0.0828125 0.1734375
3 0.20703125 0.70234375 0.0890625 0.184375
3 0.21484375 0.8578125 0.08671875 0.165625
3 0.1296875 0.78359375 0.07890625 0.13359375
3 0.1359375 0.884375 0.08203125 0.11328125
3 0.05625 0.78046875 0.078125 0.128125
3 0.06015625 0.8859375 0.075 0.109375
3 0.12578125 0.63203125 0.06171875 0.10078125