3 0.72421875 0.48359375 0.11171875 0.1359375
3 0.603125 0.4828125 0.1265625 0.1421875
3 0.46640625 0.48046875 0.13671875 0.140625
3 0.33359375 0.2953125 0.1296875 0.078125
3 0.33671875 0.3703125 0.13671875 0.0734375
3 0.334375 0.43984375 0.125 0.0734375
3 0.32890625 0.51484375 0.115625 0.0765625
3 0.2 0.515625 0.13671875 0.0765625
3 0.196875 0.44140625 0.14140625 0.0765625
3 0.196875 0.3671875 0.13515625 0.075
3 0.19375 0.2921875 0.13671875 0.07734375
3 0.05703125 0.48203125 0.1140625 0.1515625
3 0.80390625 0.06875 0.1265625 0.13671875
3 0.67734375 0.06796875 0.1265625 0.1359375
3 0.534375 0.06796875 0.1359375 0.1359375
3 0.3953125 0.065625 0.140625 0.13046875
3 0.2421875 0.065625 0.14453125 0.13046875
3 0.0921875 0.0640625 0.146875 0.128125
3 0.90625 0.728125 0.13203125 0.159375
3 0.8984375 0.86484375 0.134375 0.1515625
3 0.759375 0.6703125 0.12109375 0.11640625
3 0.75625 0.771875 0.11953125 0.10546875
3 0.75078125 0.86640625 0.11640625 0.1109375
3 0.63671875 0.87109375 0.1140625 0.109375
3 0.63515625 0.771875 0.1171875 0.11171875
3 0.63515625 0.66953125 0.1234375 0.1203125
3 0.50078125 0.85078125 0.12578125 0.17421875
3 0.37734375 0.8328125 0.1234375 0.16328125
3 0.23828125 0.83828125 0.12421875 0.165625
3 0.1140625 0.8359375 0.12734375 0.1640625
3 0.17109375 0.66171875 0.1 0.11484375
3 0.271875 0.66875 0.10078125 0.11328125
3 0.9609375 0.44296875 0.078125 0.2234375
3 0.81171875 0.440625 0.09140625 0.18984375