3 0.8921875 0.12421875 0.11015625 0.1828125
3 0.8984375 0.29296875 0.1078125 0.16796875
3 0.8015625 0.2921875 0.08828125 0.159375
3 0.7921875 0.13046875 0.09140625 0.171875
3 0.6984375 0.121875 0.09765625 0.1921875
3 0.70859375 0.28046875 0.10234375 0.178125
3 0.5953125 0.13984375 0.08359375 0.17734375
3 0.59609375 0.28515625 0.08984375 0.15078125
3 0.4921875 0.2234375 0.0703125 0.14765625
3 0.4953125 0.32109375 0.06015625 0.0734375
3 0.41015625 0.3 0.08984375 0.109375
3 0.4140625 0.18515625 0.0859375 0.14140625
3 0.415625 0.0703125 0.0828125 0.140625
3 0.32578125 0.06015625 0.09140625 0.1203125
3 0.32421875 0.16796875 0.0921875 0.15390625
3 0.321875 0.28828125 0.09140625 0.12421875
3 0.22578125 0.28359375 0.09765625 0.125
3 0.22890625 0.1625 0.09140625 0.15546875
3 0.2328125 0.05625 0.09296875 0.1125
3 0.140625 0.12265625 0.08671875 0.16875
3 0.10703125 0.24453125 0.1140625 0.1890625
3 0.02890625 0.2484375 0.0578125 0.18359375
3 0.0421875 0.0828125 0.08359375 0.16484375
3 0.39765625 0.578125 0.17734375 0.19609375
3 0.571875 0.58828125 0.175 0.1828125
3 0.5921875 0.8 0.1828125 0.24140625
3 0.39921875 0.7921875 0.1796875 0.23828125
3 0.7265625 0.796875 0.11484375 0.21796875
3 0.8546875 0.8 0.1453125 0.21875
3 0.96171875 0.821875 0.0765625 0.16875
3 0.95859375 0.6578125 0.0828125 0.14921875
3 0.84921875 0.5828125 0.13671875 0.2046875
3 0.721875 0.58671875 0.12109375 0.19609375
3 0.2484375 0.6015625 0.12109375 0.19140625
3 0.23984375 0.80546875 0.1265625 0.2109375
3 0.103125 0.8125 0.14140625 0.2125
3 0.11015625 0.6015625 0.13671875 0.2046875