3 0.9578125 0.83984375 0.084375 0.18203125
3 0.878125 0.70625 0.0859375 0.17421875
3 0.86953125 0.85625 0.0859375 0.16484375
3 0.76171875 0.66796875 0.06953125 0.12578125
3 0.76171875 0.77890625 0.0765625 0.11875
3 0.75859375 0.88359375 0.075 0.13671875
3 0.68828125 0.8875 0.0703125 0.13203125
3 0.68828125 0.78125 0.071875 0.13046875
3 0.69375 0.6671875 0.06953125 0.12734375
3 0.6125 0.71015625 0.07890625 0.175
3 0.60546875 0.85703125 0.07421875 0.1609375
3 0.53046875 0.859375 0.07734375 0.171875
3 0.5328125 0.7046875 0.07421875 0.1734375
3 0.43125 0.85 0.10234375 0.2125
3 0.43203125 0.6640625 0.08671875 0.15
3 0.3265625 0.69140625 0.10703125 0.19765625
3 0.32734375 0.86484375 0.10546875 0.17890625
3 0.21640625 0.69921875 0.1125 0.19765625
3 0.21953125 0.8703125 0.109375 0.17890625
3 0.12109375 0.70703125 0.0765625 0.1765625
3 0.12578125 0.86484375 0.07109375 0.153125
3 0.046875 0.871875 0.084375 0.15625
3 0.0421875 0.71640625 0.08359375 0.18203125
3 0.0296875 0.31953125 0.05859375 0.08671875
3 0.0296875 0.4046875 0.059375 0.090625
3 0.03125 0.49296875 0.0625 0.08515625
3 0.1015625 0.4953125 0.07734375 0.08046875
3 0.1 0.40859375 0.07890625 0.0875
3 0.0984375 0.3203125 0.07890625 0.09140625
3 0.1796875 0.2859375 0.08671875 0.1671875
3 0.2625 0.28515625 0.08359375 0.171875
3 0.1859375 0.4546875 0.084375 0.1625
3 0.26953125 0.45078125 0.084375 0.16484375
3 0.3671875 0.2734375 0.109375 0.18203125
3 0.37265625 0.44921875 0.1078125 0.171875
3 0.478125 0.44921875 0.10625 0.1703125
3 0.58359375 0.44921875 0.10703125 0.16796875
3 0.4765625 0.27421875 0.1078125 0.1828125
3 0.5859375 0.27421875 0.109375 0.18359375
3 0.6953125 0.29140625 0.0828125 0.165625
3 0.68046875 0.45234375 0.07734375 0.1609375
3 0.7625 0.45546875 0.08125 0.1609375
3 0.78203125 0.2875 0.0890625 0.1671875
3 0.84609375 0.4515625 0.0828125 0.16328125
3 0.93203125 0.47578125 0.084375 0.1234375
3 0.934375 0.35703125 0.08671875 0.1171875
3 0.934375 0.23515625 0.0859375 0.12109375