3 0.8578125 0.74296875 0.09765625 0.1015625
3 0.85546875 0.83203125 0.10078125 0.09609375
3 0.85390625 0.91640625 0.10078125 0.103125
3 0.75703125 0.915625 0.0984375 0.1078125
3 0.75625 0.834375 0.0984375 0.09609375
3 0.759375 0.74375 0.0984375 0.109375
3 0.64921875 0.771875 0.11484375 0.14765625
3 0.640625 0.89375 0.10546875 0.12265625
3 0.53515625 0.8921875 0.10703125 0.12578125
3 0.5421875 0.76640625 0.09765625 0.14609375
3 0.40234375 0.878125 0.14921875 0.178125
3 0.259375 0.88828125 0.13984375 0.153125
3 0.25859375 0.76328125 0.14296875 0.14609375
3 0.11328125 0.7640625 0.14609375 0.15234375
3 0.11484375 0.890625 0.1390625 0.15
3 0.40234375 0.7359375 0.109375 0.1
3 0.95390625 0.58046875 0.0921875 0.1359375
3 0.87890625 0.459375 0.121875 0.1296875
3 0.85234375 0.5828125 0.115625 0.1265625
3 0.740625 0.5765625 0.1109375 0.125
3 0.75078125 0.45859375 0.13046875 0.12578125
3 0.6109375 0.44921875 0.14609375 0.13671875
3 0.60859375 0.57890625 0.14140625 0.13203125
3 0.46484375 0.57734375 0.14453125 0.1328125
3 0.46328125 0.446875 0.14375 0.134375
3 0.31796875 0.4453125 0.13828125 0.134375
3 0.3234375 0.575 0.13984375 0.1296875
3 0.18046875 0.4546875 0.12109375 0.125
3 0.184375 0.57890625 0.1140625 0.12265625
3 0.07578125 0.58046875 0.10546875 0.12265625
3 0.06640625 0.4578125 0.1140625 0.12421875
3 0.93671875 0.15625 0.12578125 0.11328125
3 0.9359375 0.2515625 0.128125 0.08984375
3 0.803125 0.23203125 0.1390625 0.13671875
3 0.80546875 0.09453125 0.134375 0.14375
3 0.671875 0.103125 0.12421875 0.146875
3 0.66953125 0.23359375 0.12421875 0.1296875
3 0.5421875 0.2328125 0.13125 0.13671875
3 0.54140625 0.1 0.1359375 0.15
3 0.39921875 0.23984375 0.13515625 0.121875
3 0.259375 0.23984375 0.13828125 0.12109375
3 0.12734375 0.24296875 0.13046875 0.11640625
3 0.12734375 0.13359375 0.14296875 0.1265625
3 0.259375 0.128125 0.140625 0.1203125
3 0.37109375 0.1453125 0.09296875 0.0796875
3 0.4140625 0.071875 0.11171875 0.10859375