4 0.859375 0.8328125 0.24765625 0.2328125
4 0.6015625 0.77890625 0.19375 0.1859375
4 0.3828125 0.83515625 0.228125 0.23359375
4 0.14921875 0.83359375 0.23828125 0.2359375
4 0.81953125 0.51171875 0.215625 0.2328125
4 0.60625 0.51171875 0.22578125 0.24140625
4 0.3484375 0.509375 0.22734375 0.24453125
4 0.11640625 0.509375 0.23203125 0.25859375
4 0.11484375 0.13828125 0.2296875 0.2765625
4 0.353125 0.13359375 0.25625 0.2671875
4 0.609375 0.13515625 0.25625 0.2703125
4 0.85859375 0.13671875 0.26484375 0.27265625