4 0.09296875 0.1796875 0.18515625 0.23984375
4 0.2875 0.18828125 0.2046875 0.22578125
4 0.51171875 0.19375 0.19765625 0.22578125
4 0.69765625 0.20234375 0.19921875 0.2140625
4 0.8984375 0.21484375 0.203125 0.196875
4 0.89375 0.471875 0.2125 0.16953125
4 0.7109375 0.46640625 0.18984375 0.17265625
4 0.5078125 0.4421875 0.16171875 0.153125
4 0.3265625 0.46328125 0.1953125 0.17265625
4 0.1359375 0.46015625 0.2046875 0.18125
4 0.1578125 0.6796875 0.18671875 0.171875
4 0.33203125 0.68125 0.17578125 0.1640625
4 0.5078125 0.65859375 0.1625 0.1609375
4 0.790625 0.70390625 0.221875 0.10546875
4 0.95 0.68671875 0.1 0.1640625
4 0.88125 0.8953125 0.18515625 0.19140625
4 0.709375 0.903125 0.1875 0.19375
4 0.51328125 0.909375 0.2015625 0.18125
4 0.30390625 0.909375 0.2015625 0.18125
4 0.1046875 0.91171875 0.209375 0.17578125