10 0.109375 0.45390625 0.20390625 0.26328125
10 0.234375 0.42890625 0.19140625 0.2953125
10 0.4796875 0.46171875 0.196875 0.271875
10 0.62734375 0.47109375 0.16484375 0.259375
10 0.75625 0.46640625 0.240625 0.27109375
10 0.8890625 0.478125 0.1953125 0.2515625
10 0.88984375 0.0953125 0.2203125 0.190625
10 0.30078125 0.0765625 0.19609375 0.153125
10 0.08828125 0.0734375 0.1765625 0.14609375
10 0.13046875 0.90390625 0.1890625 0.1921875
10 0.3203125 0.92109375 0.1984375 0.15703125
10 0.940625 0.88203125 0.11875 0.16875