23 0.1046875 0.2546875 0.2015625 0.171875
23 0.096875 0.40703125 0.19375 0.15546875
23 0.28828125 0.41328125 0.1828125 0.15078125
23 0.47265625 0.41796875 0.1859375 0.15546875
23 0.47109375 0.2734375 0.171875 0.13046875
23 0.65703125 0.26484375 0.19921875 0.159375
23 0.6640625 0.41640625 0.1859375 0.15546875
23 0.853125 0.421875 0.19296875 0.15234375
23 0.85234375 0.2671875 0.1890625 0.16171875
23 0.06015625 0.659375 0.1203125 0.1671875
23 0.0609375 0.81953125 0.121875 0.1640625
23 0.22421875 0.66328125 0.209375 0.16640625
23 0.2234375 0.825 0.18984375 0.16328125
23 0.4140625 0.81015625 0.1890625 0.1984375
23 0.41796875 0.64375 0.16328125 0.13359375
23 0.64765625 0.62265625 0.23203125 0.12421875
23 0.65 0.74296875 0.2359375 0.13203125
23 0.8703125 0.62265625 0.21328125 0.1171875
23 0.87265625 0.7421875 0.21328125 0.125
23 0.6390625 0.8625 0.22265625 0.12421875
23 0.8578125 0.86640625 0.2125 0.12421875