23 0.0890625 0.84375 0.178125 0.196875
23 0.10390625 0.67421875 0.1765625 0.140625
23 0.28203125 0.66640625 0.1625 0.1234375
23 0.27890625 0.81015625 0.1671875 0.14296875
23 0.45703125 0.8515625 0.18828125 0.19921875
23 0.4484375 0.6828125 0.16875 0.140625
23 0.62265625 0.6953125 0.18046875 0.16796875
23 0.64296875 0.859375 0.178125 0.16328125
23 0.81640625 0.70078125 0.20859375 0.1671875
23 0.8265625 0.86328125 0.19296875 0.15703125
23 0.96171875 0.85703125 0.07578125 0.1671875
23 0.96015625 0.68671875 0.0796875 0.14375
23 0.884375 0.45859375 0.1765625 0.14765625
23 0.93125 0.31796875 0.1375 0.1265625
23 0.6859375 0.3 0.20703125 0.1625
23 0.5046875 0.44921875 0.15546875 0.140625
23 0.50625 0.30859375 0.15625 0.140625
23 0.334375 0.30703125 0.171875 0.1515625
23 0.3484375 0.4609375 0.19296875 0.15
23 0.15859375 0.45 0.175 0.14609375
23 0.16171875 0.3078125 0.171875 0.13984375
23 0.8453125 0.04765625 0.11875 0.0953125
23 0.68828125 0.45546875 0.20703125 0.15390625