4 0.85546875 0.79921875 0.16171875 0.31015625
4 0.9640625 0.796875 0.071875 0.296875
4 0.971875 0.43515625 0.05625 0.32578125
4 0.86796875 0.42890625 0.15703125 0.3265625
4 0.665625 0.42890625 0.1640625 0.33515625
4 0.6875 0.80859375 0.1671875 0.28046875
4 0.534375 0.771875 0.1390625 0.25078125
4 0.3875 0.8078125 0.15390625 0.2953125
4 0.5125 0.4265625 0.15234375 0.33515625
4 0.353125 0.42109375 0.16171875 0.3359375
4 0.20390625 0.4171875 0.13984375 0.3171875
4 0.05859375 0.4453125 0.1171875 0.28359375
4 0.07265625 0.81171875 0.1453125 0.2921875
4 0.25 0.76640625 0.12421875 0.2125
4 0.90234375 0.0828125 0.13671875 0.165625
4 0.74765625 0.0796875 0.18125 0.15859375
4 0.571875 0.0765625 0.15625 0.153125
4 0.41015625 0.075 0.1609375 0.15
4 0.2328125 0.07109375 0.16875 0.1421875
4 0.07265625 0.06640625 0.1453125 0.1328125