18 0.915625 0.29296875 0.16875 0.3203125
18 0.74609375 0.3390625 0.18046875 0.2125
18 0.85078125 0.72265625 0.26953125 0.13515625
18 0.8765625 0.853125 0.24609375 0.1453125
18 0.57890625 0.78984375 0.303125 0.21484375
18 0.246875 0.7921875 0.3421875 0.2421875
18 0.5515625 0.58984375 0.21015625 0.12265625
18 0.76328125 0.5859375 0.190625 0.11875
18 0.2765625 0.5875 0.27265625 0.1484375
18 0.065625 0.70234375 0.13046875 0.3484375
18 0.04453125 0.30234375 0.0890625 0.2859375
18 0.228125 0.27578125 0.1453125 0.33125
18 0.41875 0.35234375 0.13671875 0.2
18 0.57265625 0.3296875 0.16328125 0.25078125