18 0.88671875 0.17578125 0.22578125 0.26015625
18 0.84765625 0.41484375 0.30234375 0.13203125
18 0.85703125 0.5578125 0.2859375 0.159375
18 0.8015625 0.7828125 0.20234375 0.18984375
18 0.56484375 0.81484375 0.25546875 0.2515625
18 0.63515625 0.5125 0.1796875 0.228125
18 0.30703125 0.784375 0.13671875 0.165625
18 0.21328125 0.52890625 0.20234375 0.26796875
18 0.0734375 0.53359375 0.146875 0.26796875
18 0.71484375 0.2109375 0.146875 0.221875
18 0.57578125 0.22734375 0.15546875 0.20703125
18 0.32265625 0.24375 0.20390625 0.20546875
18 0.0828125 0.27734375 0.165625 0.15625