10 0.92421875 0.7703125 0.1515625 0.4125
10 0.30390625 0.91875 0.3765625 0.1625
10 0.10625 0.6078125 0.20390625 0.115625
10 0.8875 0.071875 0.221875 0.14375
10 0.9 0.2171875 0.19921875 0.1359375
10 0.615625 0.2625 0.30859375 0.103125
10 0.596875 0.16328125 0.26015625 0.09296875
10 0.33984375 0.11796875 0.18984375 0.16484375
10 0.1578125 0.08203125 0.18046875 0.09765625
10 0.11015625 0.22734375 0.2171875 0.15234375
10 0.3296875 0.23046875 0.21640625 0.15625
10 0.6453125 0.86328125 0.18359375 0.2203125
10 0.853125 0.8484375 0.15234375 0.28359375