23 0.1921875 0.23046875 0.190625 0.1296875
23 0.18046875 0.3640625 0.20390625 0.13515625
23 0.16640625 0.49921875 0.21015625 0.1265625
23 0.3703125 0.5 0.2 0.128125
23 0.38203125 0.37109375 0.19765625 0.1375
23 0.3859375 0.2359375 0.19375 0.12734375
23 0.53984375 0.24609375 0.109375 0.209375
23 0.5375 0.45625 0.11484375 0.21328125
23 0.65625 0.45625 0.11953125 0.215625
23 0.653125 0.24296875 0.1171875 0.2046875
23 0.79140625 0.45546875 0.1359375 0.21796875
23 0.775 0.24453125 0.1265625 0.203125
23 0.884375 0.25078125 0.1265625 0.20625
23 0.9109375 0.45859375 0.13515625 0.2171875
23 0.8421875 0.88203125 0.146875 0.2359375
23 0.6625 0.77421875 0.2140625 0.16953125
23 0.6671875 0.928125 0.21328125 0.14375
23 0.45546875 0.9234375 0.21328125 0.15234375
23 0.2765625 0.76796875 0.21796875 0.1671875
23 0.2515625 0.925 0.20546875 0.15
23 0.07734375 0.93359375 0.1546875 0.1328125